11.15063929325987 12.76940827936529 1 
13.311200170590299 13.330807049293051 1 
19.010361889608692 16.896015323963134 0 
6.506270756854198 5.696636959115173 1 
12.848403705324898 19.600963574577428 0 
8.538076198177562 3.6261724505507353 0 
14.433863269138028 7.29293575105638 1 
13.644980241438802 4.865373316056745 0 
15.46967763778184 2.019528309483023 0 
17.279549442643518 13.444888525116585 0 
10.323676038500782 5.230790716876765 1 
10.581088293807806 18.990387156707207 0 
2.1874045068193415 15.371938683476213 0 
2.6331081622384866 11.541809843169483 0 
3.910592620802993 9.209460473654477 0 
7.468198312398531 13.171148479227936 1 
16.984123584824975 17.572229068436283 0 
17.389330257169146 19.930829159719533 0 
14.048842350658564 4.487199587723203 0 
12.552076749136067 19.429331568002876 0 
12.392387536465822 17.103893543162517 0 
10.937111244560587 8.448898917227211 1 
2.0611076253063243 2.1738956184437552 0 
8.280957092987844 16.48808216485716 0 
18.550723032412087 5.347060360986018 0 
6.535259086416225 0.934842560338085 0 
0.9582918323950129 7.505972824227156 0 
5.601186352107705 7.308479215557371 1 
9.65009589413921 7.567403753563755 1 
13.960677025329138 12.813975908210864 1 
18.81247420288678 16.282722307313882 0 
9.19643172055599 19.25794146438724 0 
5.211740058617764 8.887695496441756 1 
2.281481642724459 11.217157459914839 0 
10.723254892173404 0.46155511433072727 0 
5.326819221287728 6.47464670333167 1 
9.317596506134539 4.746369322676123 1 
4.606450338479242 14.519235076402882 0 
9.858943957715297 1.7977325561805069 0 
4.670115064543941 6.177878964311283 0 
9.91223200513877 17.772481512891634 0 
19.945044182120697 16.780759176308745 0 
16.230645269152745 19.802631942857044 0 
15.74571541173267 8.417871248759106 1 
13.398848574389941 14.541451745242085 1 
13.155684516069076 8.984376946154793 1 
9.42932430836019 18.556716439171097 0 
18.21339561135313 4.665235780936749 0 
6.521176418450247 0.2629283045485642 0 
0.15690106756029998 1.8570168691445765 0 
9.137409924508413 5.697716703870952 1 
11.55770399220856 0.8705599950565834 0 
0.6417535475694125 2.4512866159853974 0 
16.28738376166752 8.189872377182612 0 
11.91250467440139 1.0166607782829362 0 
2.4094465792005892 9.03978180150392 0 
15.230642713389742 7.056458723168553 0 
4.249484040190595 16.96478515929466 0 
13.134433266141185 18.698586710711886 0 
13.757141428302633 12.39443819217138 1 
1.71972303892713 8.144504067386144 0 
15.652018374640635 6.263191214831534 0 
5.784258725947047 7.5620159483916805 1 
13.786903667303626 1.823702726912646 0 
13.05253859855356 17.019204288513055 0 
14.690069012078675 17.110359963171902 0 
18.252653732315753 8.651861592843755 0 
3.234800827562705 4.593742466994715 0 
6.5698682050134805 3.7081108795076245 0 
11.159750773032888 6.202397729136897 1 
15.132939859107958 18.770439214424172 0 
10.685296562992457 5.008097059140663 1 
12.08443938344778 16.56295057549617 0 
14.83061056388541 5.6435028815734505 0 
3.2705829704399347 12.314960484525528 0 
3.759021438490777 11.193547688839793 0 
19.026701379477686 11.109061004414047 0 
4.582261319511458 19.305532043932462 0 
7.597049900794872 10.056273898388813 1 
8.395372786899667 16.9667050469723 0 
9.415410574952475 12.87731625929451 1 
18.057174058085813 3.01872828233249 0 
2.198193701238067 7.654423058832338 0 
1.6517581131439862 3.7088235871468545 0 
8.637645136028631 19.39195135803796 0 
15.045446862933662 15.401802277434642 0 
3.346448301174725 3.141314353611151 0 
18.537289324641286 4.726131135106646 0 
13.723442187573369 17.104801345685846 0 
19.840641834000717 2.0015014076052484 0 
0.6435116826655851 15.07929585501147 0 
10.013207930777048 19.390135528482784 0 
16.28573473609532 3.974983542480981 0 
9.145667496604862 19.15474258794258 0 
3.198511197712064 1.800667117393695 0 
16.519076897956975 5.46894789284358 0 
14.551333505164337 10.953789243601587 1 
9.211026257463878 13.945590476280213 1 
5.616621122621015 0.4640326356797497 0 
10.906387032005071 8.593923605922795 1 
0.9785675635847912 1.7623332828935667 0 
8.897719304270863 14.847561313605075 1 
15.522290734518968 19.358052261605117 0 
11.655995001375736 17.84551108374808 0 
9.999627718183252 15.535527009309732 1 
5.535078923704595 18.1169681000919 0 
19.84236156531493 4.23221729222981 0 
1.264959072186127 3.3161572746002843 0 
19.00357656223799 0.992660989099996 0 
13.92205241671289 8.487370951834256 1 
12.766601532819955 16.377270373792257 0 
18.098229362854482 19.08045620173558 0 
0.452134179762107 1.437614606406974 0 
2.465760979576952 0.36295656654212527 0 
12.740720212471818 8.157721861609526 1 
6.046779208776806 6.065634165049179 1 
17.54093738995428 11.414082302938674 0 
12.74380950712936 16.197191184170602 0 
5.991080916583488 7.14264821502872 1 
14.566826542735827 2.6961635916922133 0 
8.591128536641142 14.439775122984859 1 
11.446883596614937 16.9682310198407 0 
14.019084593278732 12.688365213647142 1 
3.222054856787253 14.730449869294288 0 
6.1339665605017295 2.4599489846024047 0 
16.81655995997385 4.794488322229206 0 
7.729647432380569 4.617918333936086 1 
16.62288775758681 7.723005631349902 0 
19.837666595463403 12.986135775750267 0 
3.7585771368015974 8.559231647495755 0 
12.51183268900409 0.03253126325927891 0 
4.5852929584799025 19.606912297979292 0 
6.6639482966034596 9.031523228373498 1 
10.27510517463787 10.8435676671829 1 
0.27472096395411816 9.178742178999023 0 
19.437789890514114 11.04307260618459 0 
1.3684275640686683 6.640406751624381 0 
9.591365156455353 10.825531729845485 1 
17.676857900681938 8.373535924104738 0 
13.283107018382019 1.8842871498527503 0 
15.927029280744321 19.74036852242897 0 
14.556865384103405 10.927738444619596 1 
16.78727801809852 9.964378589665404 0 
2.245589525447298 6.170680341706467 0 
14.92224793328582 6.069482173882907 0 
9.090788462137088 1.8971747214194234 0 
0.1141844374948553 3.923823393530863 0 
15.981157754465782 2.844996267250428 0 
6.506019733513073 14.092455151869816 1 
19.81388580119354 1.2157865788370037 0 
12.949728379918731 7.520727446218491 1 
3.5683952228261506 1.6972596289785713 0 
17.649483827163735 14.517010365273894 0 
10.46553125080239 16.77033269208752 0 
6.509504552276352 5.47755594122211 1 
10.024675987291197 18.06779435610327 0 
16.813098575201128 8.17708539126767 0 
19.226582335087972 5.767987246149153 0 
14.429766274396961 16.67005572498919 0 
15.04503713998535 19.2866268846683 0 
9.423394842053021 3.980325255970001 0 
18.699069172861925 6.093114747932152 0 
16.15581070218066 13.525689035285332 0 
3.660495059819149 5.781034744741415 0 
13.816645316183392 1.370430798197877 0 
0.7888749642276993 19.17605552595799 0 
6.6862871445214855 13.66072028668264 1 
8.481786154876643 3.7219089538713868 0 
0.5213917961102843 17.61270511320565 0 
10.812705533170014 0.9144323344046446 0 
7.758880826673891 12.13381901674344 1 
5.686588808825272 9.381998121317828 1 
14.209527846334531 15.531957401036056 0 
2.622541510347842 12.709861372893682 0 
7.0067005221138645 7.918950805201983 1 
17.730637230022012 11.539813625739175 0 
19.876804951337505 10.681548215319786 0 
9.901063255726118 6.147852053104669 1 
11.684776244836835 18.143270364421667 0 
13.503876153937679 17.648231819207293 0 
6.249846226833338 10.882923849084348 1 
10.097987783134672 4.853673877340987 1 
16.750171667905718 16.13261116093164 0 
17.211848205300374 0.6246949065510021 0 
14.068594964812448 16.71008825747752 0 
19.090541571545074 12.902056315694939 0 
3.167216067779828 6.010483224540306 0 
10.882964970848745 10.86310940575705 1 
3.3183274057862855 8.455636818413069 0 
3.0840304354396997 12.143346919789032 0 
9.592113069480583 6.251729859689594 1 
2.4965414727368396 18.911577466782926 0 
18.571434669581073 4.012357820463846 0 
0.6552134387253594 8.107189559620945 0 
1.360186678283326 15.470759231459885 0 
2.72273764521338 19.207602994505237 0 
12.443248330894415 17.533074911838 0 
17.174551290080363 10.822837057158086 0 
11.899956368680202 19.937410154011268 0 
17.241602965433792 14.556797194199993 0 
6.625245856964939 17.644295287622093 0 
10.539910403115222 8.583694786063191 1 
6.05229511819966 19.177643923896184 0 
12.244788651306699 3.0364289477455753 0 
17.33811357240106 16.467145415447465 0 
4.557287430131966 0.13391442065741055 0 
0.5335910334215366 14.599942619034591 0 
9.30603431493024 19.79679900377326 0 
3.9652982176016827 5.649279424347928 0 
4.8417634906697815 11.912209141698284 1 
18.71563010344763 15.177465437931318 0 
7.655874746811189 8.256171998899704 1 
4.184029677305185 2.4236807114415493 0 
9.848892335835156 3.665909421054898 0 
3.7282024993062945 5.715579373836441 0 
4.624088695145692 12.525037644513102 1 
14.90215640309722 7.132812971826734 1 
17.689341441183586 17.46550963257797 0 
7.407932288907874 12.298952111647054 1 
3.209703601149876 6.105309116213526 0 
8.858775146601817 5.7328766548183125 1 
17.43586467418688 17.361249161602593 0 
5.229442544357729 8.452385964569276 1 
8.685512011659736 6.117943792620522 1 
9.532398878586829 7.886204298953339 1 
2.31595846166347 5.247769369623676 0 
2.5056773076819794 17.252382420411827 0 
7.207992817071725 10.229472073955892 1 
5.123912417319778 17.460979256624178 0 
5.9327859850261415 3.5164439203997744 0 
5.448240482438138 4.820623551576975 0 
5.752634599362356 9.663445052869735 1 
14.694301281698198 3.7241381280529295 0 
9.162311093252281 7.569865088850212 1 
17.42387762691626 12.390505881612144 0 
7.022218390365227 12.737301076946718 1 
1.5997012948846234 7.277138147700768 0 
8.016878128252213 3.5399447747565027 0 
11.80294629221182 5.558189967687612 1 
4.792248066836859 6.69103461601968 0 
13.433738383269986 1.94350504293886 0 
1.6571363270381578 13.249249964424159 0 
16.251220893576726 11.165792100657747 0 
6.795835435588975 12.805363572060571 1 
18.601731289101878 7.368430369453729 0 
16.22223422418173 7.806893328086808 0 
7.7624714248546205 11.301135618929475 1 
18.792609269188084 8.157035839695046 0 
3.484723845898756 6.151922014042965 0 
14.676776030200545 10.860287379637288 1 
8.038092787572692 10.00665747272972 1 
17.207567784386345 10.771738133743384 0 
7.0088086225549295 10.633515497454678 1 
1.772729843206351 11.28360476690008 0 
6.556922856960803 2.7205990808098712 0 
6.079497346219593 7.424835750257895 1 
13.756410124336826 8.872343122665873 1 
6.059376378200607 18.986689060138108 0 
14.95546608626663 6.480723230444696 0 
0.5155950065623971 0.2802701802034435 0 
9.291718650834365 10.843556246458498 1 
12.950219662834785 3.8625891469956564 0 
19.472546650404418 5.825552474520485 0 
6.664409040900258 9.242758764209613 1 
0.6295945902913913 4.385570719197734 0 
16.93243096067054 2.2026629892863325 0 
2.477924311062256 6.857205425011557 0 
17.25187847470221 2.35523229950801 0 
18.60199169835254 7.340736213106052 0 
10.48647882898427 4.392036243446748 1 
1.0785015138583431 15.832191339187005 0 
0.40332168353258924 9.67693456595991 0 
11.666055585096851 17.402243410834018 0 
2.1679494370214103 15.964724939958273 0 
11.907019533616321 3.0575052697022365 0 
3.4693074544183444 11.751391682647768 0 
4.815109120596568 3.0007751422354856 0 
11.598902713952281 13.324863896220513 1 
9.696528136387187 17.986258691556575 0 
19.98934271801827 2.5161903852880263 0 
15.422568977140399 2.4281508364127924 0 
8.678911992163867 19.27146101986763 0 
14.478976647280867 5.579454927612966 0 
4.902373323570284 18.033745294420466 0 
10.531873958468086 14.490020167067343 1 
17.287150151838798 0.1412892729773807 0 
3.1720459317680416 18.075075096122998 0 
2.44893239057997 19.403003172770592 0 
19.781670959157907 16.683340530888064 0 
2.936535651303467 8.122123710933934 0 
12.856641842325473 19.531027385667254 0 
19.594608827723604 13.571003655188964 0 
15.638735400590152 5.077906875127944 0 
13.421297742063352 6.868837993359036 1 
3.2787102111528688 12.71426105655671 0 
1.9953833497466622 11.411917474210881 0 
15.682269501979441 17.200206392994822 0 
8.270680151409138 13.983293246859107 1 
18.469237624135634 13.616502479754093 0 
15.200293479876589 10.533990399838927 1 
17.057659533065603 10.696343618972621 0 
12.722424452785662 6.189301979736232 1 
15.478608368450645 13.76716711348813 0 
2.02416350393537 6.27654684115188 0 
2.1135766085550656 6.361052695020111 0 
1.0974951292418722 5.525701477545708 0 
4.921121318651864 17.88704732163803 0 
1.4615500296631745 11.061645387255325 0 
10.8024330486644 14.50785901888106 1 
5.124148681963461 16.11188980279357 0 
17.911090001157845 14.449779588679771 0 
16.37469500473817 18.6603921222487 0 
5.317739110464812 1.450538750994883 0 
15.614678599569347 0.14301282637090962 0 
11.92473526634505 6.45582607826245 1 
19.521131059425937 8.730879675860626 0 
13.031033160871141 0.13456521801988197 0 
17.079735820039282 17.148415715690277 0 
19.72276287798696 15.193438865073485 0 
4.478648334768785 18.846213898350456 0 
2.279306190936945 0.9998241739587455 0 
17.66706774375569 5.2932915368556905 0 
14.64855854575177 16.110868410085153 0 
11.403992858830117 9.28412274612094 1 
5.500339839466621 10.839144286411873 1 
18.324333211522937 1.9338985087670402 0 
3.6106437584239948 5.43172566542103 0 
15.663103849870852 1.6326801121121504 0 
0.29744773526678037 18.5222894113032 0 
3.877092984861097 1.0971430743593924 0 
19.125079589438762 10.046492017379624 0 
19.598508456072643 11.534103896705098 0 
14.827192716619518 6.592690743564198 1 
5.4042660628986905 15.245875470088157 0 
17.544038638830447 15.011828894555642 0 
12.127638527060348 12.21984020615861 1 
16.488612939834837 4.631902850126172 0 
18.450604874508972 13.69466066659463 0 
6.712764282997778 14.1592159648552 1 
15.293603252311772 14.309731713652564 0 
19.177312666444234 6.882999015348627 0 
18.59688863473526 9.980136759700306 0 
19.360936020711698 12.89040396464691 0 
9.73531575234032 12.506423747500211 1 
13.507400043949819 4.136964890096781 0 
15.845128259800562 5.587644920440821 0 
2.8083362283613544 19.733527128120503 0 
11.576939801494726 1.9498601709171148 0 
2.0229892796126947 0.7110341971187317 0 
8.148824892383722 1.9499347466447792 0 
17.1815451807212 2.330294537953177 0 
16.61826210929653 2.6379645346660063 0 
16.815599646043008 12.119792343094161 0 
1.6828599830954638 13.231008095434419 0 
7.479774259586549 5.716990547871179 1 
19.809529094355764 6.25706903336485 0 
6.368308773183142 19.675706096840752 0 
8.408489395422688 13.608226785527142 1 
11.422764682150728 9.842013837050313 1 
13.00355330781597 8.380506708659063 1 
10.1857648925599 15.305430764267873 1 
12.490706592479484 14.021990393075844 1 
1.263081898526528 2.834924635397633 0 
0.5830333091939388 3.7995447536761273 0 
14.234094379709287 0.09489282565255053 0 
19.085668004668037 1.6347678884317518 0 
13.18205859404204 6.4709900719888225 1 
4.120412199410364 14.151349755304967 0 
5.805552999336645 9.502246132268947 1 
8.101701839186187 11.99810187636356 1 
7.22313011700013 18.376511672479253 0 
10.510659180940412 10.575346552657566 1 
6.632578034899237 12.327535652060702 1 
16.135055521712303 4.5583990557438225 0 
15.560579865968847 4.817892952249916 0 
10.454930663082745 0.9481764413929827 0 
15.522381329270198 12.07337930487957 1 
1.021398586400739 10.08949244457494 0 
0.8883366249172187 3.4972196025453517 0 
16.01638633743201 3.901125847828142 0 
16.745038738088702 3.504576660034906 0 
15.591058497503578 19.52734611237331 0 
14.982455312443514 9.267126369016495 1 
14.587274334724391 18.195111238821188 0 
13.50888440460222 8.537584894858494 1 
10.935117937674248 5.492686774741626 1 
6.108926652858777 13.090950940767234 1 
2.349638462286583 18.838064478648707 0 
12.717037049059423 18.647643445044892 0 
19.178520484269907 19.26172313896601 0 
10.721445277688469 3.540887275621276 0 
17.655920174211676 17.060663525211687 0 
10.276110110232722 2.161883716172477 0 
7.794259340374334 10.382817709234132 1 
13.96391350564702 3.8610180694945795 0 
12.69345319761034 12.976990461763599 1 
6.414625415373312 16.404435899515413 0 
11.530030750451782 8.873855142740744 1 
17.09997855503849 7.097885348238602 0 
12.547662036639453 14.397878478138502 1 
19.371393520940053 8.54876573508549 0 
3.908697164083612 2.890798013540017 0 
8.650428624112008 3.07471814746076 0 
15.492422328773314 12.39711918984706 1 
19.396069489154442 19.774088810537364 0 
13.537724292582734 15.817389572130711 0 
1.7665959997599945 15.627607124553895 0 
5.809827223501114 19.825568936422616 0 
4.285804313691148 3.678294868505154 0 
12.235246413748843 8.097125223184293 1 
13.60355223474633 19.450590264635842 0 
19.800727121936042 9.375277377598508 0 
3.1839139617303203 4.633840044121447 0 
7.050451925481309 3.5038591686807186 0 
7.088374803639262 4.545328306984569 0 
16.734152068747953 1.8326846232939231 0 
17.366859819895005 2.6940180020460547 0 
14.412882281955001 17.531248080346618 0 
11.192121391162758 9.564834750913642 1 
1.2834997546286542 14.041480834082215 0 
16.71790397947827 2.9113053596057847 0 
10.339849132996688 11.311978363469223 1 
0.5890554570723472 4.598391734070988 0 
4.4284597618450805 15.022169397085282 0 
12.539567708556483 9.098003574137758 1 
18.417830442259245 12.085261412687595 0 
8.289989841680324 16.845673555630288 0 
1.6786943179118285 19.69593997610358 0 
3.9165561438096486 13.891868979171662 0 
10.627399864366245 13.221116442824766 1 
5.921935240211518 7.8783185659372545 1 
17.733633070309164 5.348631844291876 0 
15.547214752094128 5.482151848049302 0 
4.4377098663241 18.336208541681543 0 
0.38314751349533216 8.27289285857165 0 
1.405684177783122 9.149011410478742 0 
19.481504048044435 10.667019636574643 0 
5.673389990139068 10.222778955928955 1 
1.8118924470105857 18.865139574470476 0 
1.300584457054046 3.29560168104456 0 
2.217592928501142 11.853660548966186 0 
7.315395684053279 0.20456048710896457 0 
14.987155057871588 19.03154312987737 0 
13.462857822242482 16.65469246929552 0 
3.357366648438409 6.633328112904183 0 
0.5275299644908094 11.747730693689032 0 
18.26475231145229 16.152405053309053 0 
19.490742027797165 9.176155509302815 0 
1.7813529669442008 5.145977236278172 0 
17.11178970792972 19.106544711111358 0 
7.992199683238239 8.920137294526842 1 
2.6709850713985794 0.6806446801655941 0 
14.537870541850166 1.9832218833962956 0 
18.669100659530518 7.585754123900714 0 
10.478073573265387 9.542990031249827 1 
14.037096361618248 18.542837124034826 0 
15.27261776682143 1.5978341338887558 0 
15.231855836271793 1.629378761925211 0 
2.855280971533787 6.621441690909757 0 
16.232725366604054 1.7154669291552604 0 
1.8162494988504618 19.364855763910967 0 
0.13709967741839302 18.688702869734783 0 
0.19465807299809512 4.86877208746368 0 
7.252169611894361 5.810157197068742 1 
7.366238839054042 0.6034383343474015 0 
15.786875045928365 17.536934125022874 0 
6.018494156693093 16.023141334000954 0 
4.148271923598516 15.393403717330203 0 
11.866738451138364 1.6932060720231434 0 
19.06034512864361 0.6105452603752304 0 
14.248229914210185 17.052502346202992 0 
5.06183157067162 12.797222518031088 1 
10.15314302208357 1.7090539730043885 0 
6.8530529539332825 11.209224322854666 1 
1.028300239290143 17.1143921956116 0 
16.694566519996535 2.228422247790527 0 
14.30904468119669 7.406399073007157 1 
8.11130055687597 8.312246852494845 1 
7.068097322249265 16.707423038009125 0 
2.159712645946781 1.390162472239902 0 
1.9189983916818876 10.45652793736936 0 
9.831263460388048 4.44318207474018 1 
15.684382108409856 7.690599669125984 0 
3.4120897749679524 18.86385136026419 0 
7.0954905941425706 8.013008447299967 1 
14.831753120022642 14.517196789883242 0 
10.441405731946677 12.677127001120091 1 
12.61030311302502 17.605430048443132 0 
9.050293121297099 12.76375504623681 1 
1.1042463304432637 8.012381510089472 0 
3.4957269154113746 4.425904206476954 0 
8.24696181692386 13.859746242619046 1 
3.344243914766216 14.661707745207295 0 
7.948928953696122 4.415703249256014 1 
5.538672244289593 3.6266505372868663 0 
12.14743398782783 5.5777068179759315 1 
14.631505528463912 14.965343006167107 0 
17.592372933503853 10.529991563847696 0 
0.1238031445710619 9.948123912078827 0 
7.5697997231301635 5.823334499850221 1 
0.9161377277560812 18.430339253720575 0 
14.212962724981805 1.6880854715827853 0 
9.647618070714723 10.638151314853726 1 
3.429255199232639 1.0582031694978555 0 
1.3631192293368555 4.795246528553125 0 
18.357698189432007 15.021367708780067 0 
13.157155691970289 13.872646727411468 1 
8.054537530290107 16.7162715637965 0 
8.702169539839584 3.286097821721019 0 
19.5914770727065 19.454856756769942 0 
11.892521832077822 16.174250595467466 0 
17.362673973326906 12.732861331571144 0 
6.104329390638221 2.2597826207566762 0 
14.499725230447842 13.313205558933943 1 
18.484250761861766 1.4680961141154536 0 
19.218322642103438 12.725277084395932 0 
17.576882226228207 15.683996568718758 0 
15.077139292460917 6.039710067614436 0 
0.4278170993159547 15.326532452350234 0 
19.641241442651808 4.684252762685941 0 
3.5278637116863454 6.4226975417864685 0 
8.81759535831116 19.66675969857943 0 
19.704446536217596 15.035276885741727 0 
14.342950295380366 12.660994198258484 1 
17.620315616570362 16.393781589284817 0 
11.331558700734783 5.925034778793292 1 
3.2502004505540483 14.333760463323559 0 
12.423950156352856 8.22422506397174 1 
18.22490777475934 0.3824865778649911 0 
18.97370497175997 3.8436500101673743 0 
3.674402481142365 3.217543828334073 0 
14.891915859419758 5.797491462259936 0 
11.117982432527073 5.431666991936595 1 
10.781642959860546 7.837596301463467 1 
8.519941277725165 14.132367012977776 1 
17.787437189985997 0.583893466137575 0 
14.854216145557992 14.727012754818942 0 
11.79156530600036 17.1689982631979 0 
8.586162527358468 6.484421773306208 1 
1.62406093855485 4.831527555406103 0 
4.466890835688167 12.198172035833068 1 
7.181670993840841 5.1300714920908685 1 
0.2053986403958752 11.74638850564623 0 
2.229642737248707 10.23867592788212 0 
5.740576790737471 17.430376237159816 0 
5.440934901088457 17.42186638826911 0 
4.308761964346983 6.287982571461552 0 
10.724477207155758 19.44334865574674 0 
18.042617017147712 7.892538727893341 0 
0.45314628609240293 5.323922142280848 0 
4.39599011076268 9.226262426720606 1 
0.3858109822338873 6.515584252444246 0 
18.818209390954056 3.403635584105811 0 
16.826622376661522 18.448308517725486 0 
0.0162168234234894 16.95449999225936 0 
3.504560461821853 13.363162152827119 0 
8.477268137969974 16.806952526757854 0 
14.982568690975027 17.187820958475104 0 
1.733131638276797 11.24170857535396 0 
5.629921487955894 5.838614329299374 0 
12.2372555929411 18.4102522841473 0 
10.46788626343204 9.746321773976124 1 
7.925099067634096 17.584105027541565 0 
13.509193105047586 3.7601647477501388 0 
15.710164931851152 17.129319530722146 0 
2.0111941858928017 1.8479008638337557 0 
18.404558360764522 16.034082236817106 0 
12.249188686174161 17.669166056976756 0 
6.023418471761273 18.880082203607802 0 
14.829050882751886 8.028910449418742 1 
4.88312466325211 2.782883103874736 0 
3.954836981617902 1.1923716937478845 0 
2.321821248064724 1.4669134582133436 0 
14.06399210540199 2.4012786802519748 0 
13.082151574433844 16.073360588658087 0 
9.02281464062051 9.905417358881362 1 
8.672121464493332 11.303208222042528 1 
11.523587161245626 12.632266125202388 1 
8.340811610581127 0.915898044003518 0 
5.811470588597098 6.7104868433844445 1 
13.171198988145083 8.389764275611626 1 
13.44153141343049 13.68024808208796 1 
7.998348126888888 7.483947769592922 1 
14.889460963102062 19.66408225261259 0 
13.605960823238783 8.406717950786504 1 
6.788879298608592 0.2506572998416501 0 
14.603409571428285 4.92731621857679 0 
6.7902000368943956 17.80699971418614 0 
19.592246184575533 12.780337892361597 0 
19.763903916465672 0.4265225617181678 0 
3.2200784995528364 5.019935048425037 0 
16.39953462331801 13.690793527873018 0 
6.597108813859231 13.69056898070037 1 
7.93576968599762 13.322195167116098 1 
8.372548092420242 12.44550088233525 1 
14.021111237602753 17.739550743835565 0 
15.855806749711505 18.124445689507425 0 
15.477281120655785 6.25725550877017 0 
16.132798864368468 18.59202032817515 0 
16.232409878132394 4.720298943472894 0 
12.978926341900971 19.746233795211527 0 
5.410228035509295 10.342491143579064 1 
19.223647457777396 12.36286709493502 0 
7.299637915588482 15.150132858014453 1 
17.772054524161433 3.829898715984321 0 
12.19600838508179 4.647452437344222 1 
18.117816761545814 14.601592126134808 0 
15.5952276092021 2.3097150441173575 0 
6.266925506170653 11.372814345839446 1 
13.370482953633259 7.999675653229774 1 
11.370038586629562 11.341390698378062 1 
16.00113515420134 3.122137310713431 0 
2.1253860276192915 9.543763683516932 0 
0.8601249239274789 17.8851910424649 0 
9.26990878745154 18.85021752608513 0 
6.598808497637005 5.699757492727819 1 
6.925908671409536 15.675148440136484 0 
18.081063911964243 6.691926000989197 0 
12.79608121269083 7.817133107459218 1 
2.0004368829509622 1.5223325856350156 0 
18.551847299798624 9.623230395711989 0 
5.823625864905195 7.91049660548139 1 
11.972067131026702 1.5811374696070968 0 
13.871379480871111 6.417946912555825 1 
13.695846285404748 1.6823475278215283 0 
0.8208590232825008 9.659460710857546 0 
2.9158300071656806 10.80232969820071 0 
18.051567953303113 8.254403064724166 0 
2.470170370637228 17.43527798274068 0 
2.390500411853913 2.700193634520258 0 
15.832495045691676 19.830059323205983 0 
8.447024168933048 18.82686113359657 0 
5.346634703297979 19.74165831434857 0 
4.252504052177352 18.107646821080007 0 
13.045371895683527 10.775824213227004 1 
10.658225927692138 19.449607785275543 0 
14.379695308384576 4.452598411635735 0 
19.180797400219223 18.25266484088668 0 
19.010026037478468 4.604577446422661 0 
2.2548988614259358 15.596730215782488 0 
11.95926989060748 10.972702425289649 1 
8.515993628538272 5.030555213779435 1 
6.8204845690723825 17.553193678856672 0 
2.152306717890138 1.1520975604887718 0 
11.531335468349962 9.382862492526773 1 
4.026367722045745 14.939918730294071 0 
19.251750108521072 0.036546887800994465 0 
4.719717509508512 6.174331679448002 0 
16.065080727251015 13.15467660608797 0 
11.720233129451731 8.85731711941093 1 
10.306508736874914 18.978673322002205 0 
14.432927949037106 16.818797417285708 0 
0.5215842798070325 10.151469550810804 0 
2.563878394777188 19.054955362973168 0 
9.268116891362492 2.0489829304131058 0 
2.712170982361488 15.005863448135958 0 
11.507605398686662 13.655155397443398 1 
16.262040203617318 16.99646652218331 0 
8.940757186430627 6.978869059968926 1 
9.231063040680812 11.889793414296276 1 
9.234476261810885 12.19352674496468 1 
11.838913058793707 14.236687535554655 1 
11.272995540343162 5.835027519019564 1 
12.8276286059332 11.99233238742117 1 
1.6014440619422898 16.626767696711735 0 
6.433290570906931 3.518561083765175 0 
13.179907833693619 11.074692148172023 1 
11.925255985209072 7.289506269135986 1 
17.234529419495217 12.160008093211381 0 
7.980806584131718 0.019167616896849093 0 
5.073538917821794 3.718827264121418 0 
13.622131667567213 13.676816230225665 1 
10.611409042321586 14.540001140835768 1 
19.931871623972967 19.069031821915214 0 
6.177826421404104 6.357211313121458 1 
16.219120679654072 16.371325112926638 0 
15.783220765576864 1.2828699466383209 0 
19.869156021009257 9.906700159482993 0 
10.132627774337447 17.742014146817912 0 
2.975966046270695 7.361404388074537 0 
1.1729915756971843 9.634600093339058 0 
4.77176977456452 15.198768530493584 0 
15.804327739732928 14.049717348087963 0 
13.484593541883545 6.665467389311743 1 
1.9851227202065225 9.207992331679415 0 
3.515187172163703 12.910230888158935 0 
9.545304938547211 2.08776320790659 0 
16.91042666250651 15.106253651160117 0 
5.062578585967499 13.12300875675001 1 
15.232738741633083 18.225177972560278 0 
16.918316790777716 1.9098056731075608 0 
18.181742452232477 9.906582976186794 0 
11.885060572099196 2.2970466124065037 0 
12.062020197197995 15.715747114589247 0 
12.231769071247545 9.997902007074092 1 
2.1012735556761353 13.518189231194548 0 
14.480207592927128 16.475465385250345 0 
0.277166986365589 8.016158546528157 0 
8.311737885662883 11.820354346063331 1 
11.55549648649832 17.118502044006988 0 
4.207746809393327 2.5738466427185602 0 
5.474684048422851 7.4749463051416125 1 
7.551748954574695 7.141879043350132 1 
3.3047440131046857 14.432167462753117 0 
10.205452096006976 11.3725745768828 1 
9.084958547820738 1.3282201146356987 0 
10.939157082884796 4.920134464913546 1 
1.6120391322728889 10.977574602286813 0 
13.607404630985796 0.8205971258882516 0 
19.358536363359637 5.8286989667348355 0 
19.932855262612836 0.41382788489441324 0 
17.467586007632804 5.542149634573386 0 
17.394829964032983 7.203737533927173 0 
14.568605838939261 13.499523564456481 1 
18.748135599956225 3.988655945110555 0 
6.198201387104567 12.910707493955822 1 
7.033832717479182 16.35110991457418 0 
16.18895164926226 15.164184995326034 0 
19.508980393633898 14.723823062955235 0 
15.458436182867468 4.022436151182207 0 
9.861780598869451 18.294818920007632 0 
6.70418286885927 6.1012266716454615 1 
7.70842725898172 14.297463419096797 1 
12.857823047444148 9.197352550225933 1 
18.875714343867948 16.880615360887163 0 
2.2338417566356927 6.27151120974931 0 
9.627843034156658 0.14274486102922923 0 
10.598264977562975 15.247917637390081 1 
9.11716603231678 11.485173233564137 1 
11.19602120475383 16.413637505473872 0 
12.91107636237319 17.238901134762276 0 
9.992376493665114 17.340370077236138 0 
10.602857663956618 16.080938055247426 0 
2.535608526527906 7.214758026621606 0 
8.38520128837478 7.118560377052667 1 
13.011558704945179 11.874538702681463 1 
12.48798729124698 10.29038664273491 1 
15.39148352941547 1.071965747111867 0 
6.662909524749143 16.046319402865976 0 
15.098267948076385 12.173803915484982 1 
3.1624715690276384 19.586971615016402 0 
1.7130083350999858 15.569029096725874 0 
8.793922306221493 7.733861296014157 1 
6.201073630517948 14.352769603034902 1 
14.664004449794563 8.526809348083187 1 
11.992055481369482 5.218518922268078 1 
3.437936397987962 5.541033717831736 0 
5.2686368864342725 12.341379811486203 1 
6.885756518949393 14.77582210389603 1 
19.467924005315794 7.84692630685319 0 
6.685360654877721 10.362181807845053 1 
17.845539198510266 7.879121669551106 0 
17.524031076614637 17.232787130203462 0 
2.9211309769403715 15.986869487293795 0 
11.39381150322084 19.95728611101806 0 
16.089457583057904 10.346954803188066 0 
6.360439707432439 6.364698130469721 1 
15.061632435710354 19.24289458384702 0 
5.078813403863971 18.4968242298675 0 
16.01706905704864 9.761923735154799 0 
12.662039882211918 13.624878500324616 1 
7.3994520890611355 5.391240260530276 1 
8.435591799266094 15.583370905511146 1 
5.025227728459074 4.0883966008116035 0 
15.55051496605671 1.8764000680600557 0 
14.603462513805 11.931895257700894 1 
14.347077403085265 17.804589498088234 0 
10.308691126703637 10.450940140266077 1 
5.7878728301567595 6.976274583499156 1 
1.8543476741955756 18.77800444518568 0 
16.657230103637378 18.395223590824884 0 
13.292789156730889 14.629652521979516 1 
6.529050828772826 5.650497634167742 1 
18.04472869016778 3.2948264052404053 0 
19.137957101167803 6.001821201751656 0 
7.6846620803703525 3.4546804230388717 0 
1.0519904848090955 6.2689136778949095 0 
1.9031058859902217 10.429060333360729 0 
8.59773015531866 17.903117649557142 0 
0.15618083991930654 4.665744644461505 0 
16.727405569159735 7.7150360902825525 0 
6.599549258859727 14.001045732935529 1 
2.1782614322496197 2.924420379850887 0 
16.75150899323634 5.976967514069427 0 
0.5293654507559564 0.08855177486697396 0 
1.8683782820600126 11.77455451606549 0 
6.680546812393972 10.73386500317695 1 
3.981566215729717 6.895260259582945 0 
2.606377079308375 6.153408497040102 0 
15.456129827422796 15.971082602149577 0 
17.871383513566947 11.338317227606076 0 
0.9319542843452711 9.73020527242836 0 
18.565032410602388 1.2281674052958347 0 
2.4149418221420893 10.083507143134021 0 
10.210185081150449 0.15306997364897823 0 
14.651203635292298 1.470286016798923 0 
18.553180029306862 19.834435784081276 0 
9.628543666139587 14.573503786201494 1 
18.339470238876185 7.507577628994002 0 
12.683922230066395 13.688491567041085 1 
6.571714963325393 13.72034333702046 1 
10.767598629337838 6.944087413803166 1 
1.188190173535113 15.898392088754449 0 
12.438353523603622 13.907072613332685 1 
13.516810282436936 5.31794335543756 1 
19.879249455695106 12.996737835313482 0 
15.362821946036858 6.347067727290487 0 
11.591586823567141 1.9247539259900304 0 
12.576254629270746 9.347247356035036 1 
18.96408994963312 0.29522363465095625 0 
16.27526066864133 5.67621728202127 0 
14.009206921369465 18.46940340836593 0 
4.46470299815283 6.907772506311884 0 
5.039813672841593 12.53986092981508 1 
9.515521205077217 13.669731658461 1 
14.395417978811995 8.344950044766463 1 
13.955815673632504 10.247309720320102 1 
15.669054280439479 9.902744054288096 1 
11.958573234043552 11.676247187710668 1 
1.7804378845128377 1.29151432405483 0 
17.041022044651648 19.6231706850105 0 
15.87574895704808 1.2347484362828332 0 
12.663169248527456 9.278021496505783 1 
8.724580365387538 0.9872265677482672 0 
16.252527426741597 17.681238919875813 0 
12.79543495290561 1.8278708478143857 0 
12.301011827813895 2.404249999647836 0 
1.1698996799821448 15.744963781695711 0 
10.13783873388764 0.4596558161781017 0 
2.6209617543573294 9.394926770598111 0 
11.159354319862754 3.45729151888575 0 
12.428208255182472 8.430631067116185 1 
16.99210123491167 1.7705847008003328 0 
11.593870357863507 2.162011505686947 0 
7.615324764968367 10.846108447796862 1 
7.219962160075135 13.818139560352583 1 
9.12410055040898 17.474539504127893 0 
5.407249941480865 15.933953765558647 0 
9.120557412196002 19.976226565349855 0 
14.424929764522627 0.13468375868178173 0 
15.056183558461163 10.18409653869567 1 
9.335007820895147 1.9405338139414474 0 
19.30408189727944 5.4010062450426854 0 
11.343374431481958 6.279901142965432 1 
10.086587258829134 4.3712917838694505 1 
9.679822350571854 12.638385016926815 1 
8.817172713355363 16.448821631275806 0 
9.598561240750218 7.1784901632214915 1 
8.529771065291712 3.7162244335714845 0 
1.4431878507703577 18.05279300175234 0 
3.7152662355256205 15.661971135346066 0 
13.924440995154672 0.23187632582773565 0 
1.7084536929804628 19.355975920572646 0 
10.48287703995392 0.17884775274374265 0 
3.3101959817991933 0.8179338674475423 0 
3.2278095472952284 18.414515801371987 0 
16.24171462922043 10.346672110498627 0 
19.633032239707997 10.231993791361996 0 
16.47951404770359 15.099715851288448 0 
10.595267040482986 13.99730253701647 1 
12.081520272729517 3.438307505794076 0 
9.656461840476403 16.516633487300787 0 
3.501930339633992 18.31662808366516 0 
16.37570907050449 15.508079197488074 0 
6.21450518113611 19.507845505072005 0 
10.48094801316168 19.627432189056996 0 
11.271543461379192 13.314654156327276 1 
7.737472755998718 0.7399292480079622 0 
14.09396488815037 13.351552296055116 1 
8.144842667018322 18.523978098899153 0 
18.350912075099654 11.61535902330571 0 
9.809670383232108 14.527706423287015 1 
6.504120586881646 1.431443743220051 0 
11.650037946397504 17.284351525154356 0 
7.609406061421751 10.46699698644332 1 
19.572665610524155 14.752366281103384 0 
13.005861220263151 5.941765140015289 1 
14.933538949482932 18.30373989415811 0 
13.527279839326876 11.71712293074686 1 
5.338701470080512 19.88874929747367 0 
16.955128885795368 9.648078733675975 0 
11.944175414102745 3.6666579892488427 0 
11.883548146232048 17.66996269265061 0 
0.4543991396619984 16.926236038239512 0 
10.81978609942581 7.924074561453658 1 
18.72371396414929 0.517904122698214 0 
0.47182106695083714 18.773824793417987 0 
11.397038775274348 3.839659247529139 0 
8.116464305610965 11.879849958542817 1 
5.370202709561205 9.619332111543294 1 
4.669534568429576 15.273648456037554 0 
8.576182483426438 4.548134967104007 1 
9.177900014586147 5.5285114612751425 1 
6.745219445034634 16.9234961813622 0 
6.157828169794934 11.27173112257129 1 
8.299583855306645 7.028698396571269 1 
12.453775934891265 2.163549406199514 0 
11.136147044150642 2.9059166855111673 0 
10.05858910857317 3.4074663751093093 0 
18.43412498297852 9.855919211824027 0 
3.3093980317203853 10.587892113447136 0 
7.759891343800671 2.9147950290443525 0 
7.374392344366343 5.8316751842627585 1 
1.7512127254089083 18.542291294048546 0 
14.837398049009973 17.408312745916287 0 
17.640876191096005 12.96156820459201 0 
1.3217555537297199 14.380544891548555 0 
12.52413683721987 11.568740532677495 1 
6.683144038402 17.474583063954547 0 
13.292725879227394 3.9008470148465735 0 
16.89367368417991 11.073660446320785 0 
13.878224426750752 16.72448881752345 0 
12.291246461405127 16.116684310066546 0 
14.318445930911148 4.034471149123055 0 
11.370987774518198 18.047795510668433 0 
8.178214471012478 11.04767375300044 1 
5.8420796281959735 8.891184634109168 1 
10.967133136310022 6.216620671312079 1 
18.66705086629519 8.30572277509752 0 
8.586366119457718 16.840128108063258 0 
5.624115649346255 11.72069239034754 1 
8.773682932903439 8.517746581082545 1 
4.355478616564441 1.2332406729075873 0 
3.3699844525718436 3.437726175130562 0 
6.229192055841766 8.58633632068895 1 
15.052902085630823 16.800588271189557 0 
2.5794030024402614 4.439093466653596 0 
1.0637067901479225 15.092819659065526 0 
8.839138385000592 9.20091559691214 1 
2.543712049004214 12.988263140543676 0 
3.0267427179848982 12.029828267460115 0 
14.321340747916182 12.808371634066575 1 
15.835161349680378 16.989509857495595 0 
0.726651234574327 15.59289557853629 0 
16.470174255234998 7.66432157010613 0 
5.7447276147969735 12.514121807966426 1 
11.85759247481595 19.59371272154212 0 
14.488319597002423 4.386322784472567 0 
18.138863591886366 0.8630878426475141 0 
11.84180610598624 7.521700092105641 1 
18.428383067086745 3.1431825348124964 0 
14.878605676045604 6.37778843168435 0 
7.575051143573058 11.89503076753687 1 
0.6406336490257547 1.790456761377397 0 
0.31288199867581357 7.181728469724353 0 
17.008286327470145 17.782721935147233 0 
19.852585728953006 13.161152058370796 0 
10.266967376993057 0.2932547215316905 0 
9.679846085854196 5.381161860412074 1 
11.654619623011724 18.226545899449334 0 
10.150302305482704 18.00367568512065 0 
3.6714200446573964 15.181462915701855 0 
5.039592333300207 14.420320862283166 0 
17.09265676828409 11.657949220522543 0 
11.12796998174356 2.6338332439260603 0 
4.61850836118872 10.674191963907322 1 
19.207391708277484 14.162154779325224 0 
7.898536353810264 15.642373782610658 0 
8.381789425783737 9.469131696809336 1 
14.500039483242444 2.3367371466953246 0 
4.739075937479969 6.440017947413708 0 
14.5189471665445 17.2305052229359 0 
8.576150320003533 15.787887953025884 1 
8.614242986792224 14.205951074469835 1 
4.201747436845739 1.1711671977149773 0 
7.38846678578888 4.006856089492663 0 
8.688364250427403 13.588818202737462 1 
4.480010034380653 0.0901161798282657 0 
9.364539120590212 17.274577825910388 0 
1.5956489498803927 0.2362028479546674 0 
2.882187454706713 6.0154506885633445 0 
15.40839544639995 2.1480764988075407 0 
19.46260013342944 7.3481044762863945 0 
4.612057619329118 4.3354319964663635 0 
9.699059690329562 8.104835975570674 1 
14.468070337413979 3.6782165196805727 0 
4.714949633937946 10.546676417224248 1 
2.6171443655740334 8.04833706716655 0 
9.327170672016422 19.49074659584502 0 
7.540131768779938 18.61856082724904 0 
17.886912703956266 18.875936938910016 0 
14.299350206571521 4.824004550662577 0 
7.611187557076975 8.297808117066143 1 
6.4244018503103 5.494525225641951 1 
6.8044789229162035 10.976568867904666 1 
19.780018818589006 14.190789753114972 0 
12.976114243055894 8.320554807433279 1 
19.657658934332687 3.6706085424305335 0 
3.547141730903527 19.32011767811491 0 
10.192432325668312 12.958134364029064 1 
15.147477288344781 14.27735019137434 0 
13.82515266742891 19.128343852082644 0 
14.745960119601902 6.350494174031058 1 
18.109951599089865 13.692749973952129 0 
16.117244568786 6.95114187872745 0 
1.3252059658005955 4.9564726997599085 0 
2.3244397054189014 8.009896186436356 0 
5.326571458754881 3.0837993353289783 0 
8.288456102582092 15.940346634175153 0 
3.078853249415827 5.618168143499169 0 
