1.591834100461491 18.603727448123387 0
0.6558892571712627 5.240668365124463 0
10.79771284193823 18.770167698239895 0
6.047363997404574 2.0341728879982446 0
19.222811010260727 18.403913749105627 0
4.701053985656689 17.579412459882434 0
18.770955477259587 15.837070216860493 0
18.244918914899138 14.211834213406174 0
7.212948805786478 3.0778759376953713 0
15.60186561332941 19.08316380812479 0
6.444656326190894 6.20936763767391 1
11.220716649680067 7.690655924118001 1
18.500572358414484 12.233198737925534 0
2.4498015275389395 15.652799766769567 0
12.302733939171219 14.181290065548481 1
1.2532554589776068 8.333524769514625 0
9.210340443194408 18.312167849273262 0
5.3167374638370735 2.764800698362071 0
9.836613526212304 5.237995572733625 1
15.900021342270037 14.243202217809753 0
4.984572394911668 14.467518288413071 0
9.358275452651002 5.01592450132065 1
15.109864211981552 15.819619911221132 0
15.79406419971698 8.729859843524942 1
13.230003048160661 15.300420709342752 0
17.87778121033537 18.887171034343524 0
9.075307307375555 5.597124218601879 1
1.5534139596977847 16.560727483262916 0
19.699201691906413 11.233802252225145 0
17.482870757960715 13.0340605649992 0
3.6032990187559633 6.171540716729879 0
0.16047538596150712 16.4915667590401 0
17.96238053349142 16.06484970239317 0
16.596248285511365 15.388557082259332 0
10.461699072633248 4.4562401932949385 1
13.094685221077874 3.0747748233588568 0
5.3031582911455954 8.016035685371728 1
19.437926100643615 7.096288401670865 0
18.471715161441566 7.2984442819578454 0
14.580169480989152 3.9690945648715537 0
0.16159711510028263 15.766976126962945 0
16.168882890656914 17.635224185191735 0
10.45865308845986 9.697366061979924 1
6.501000965178152 12.114447012754525 1
3.529675517262494 8.721127778847283 0
15.403413502912127 5.89581642681236 0
17.26796220219967 9.950052736633728 0
9.348753631141264 13.62308080387378 1
9.979208179999919 0.8261089047289794 0
15.737073878180128 11.734900100231451 1
16.847817389147266 9.744315245001356 0
15.166535698933961 2.9856631053978355 0
15.145307100847472 9.101319631646279 1
2.4132853149731903 3.625230586658388 0
1.9426733105944605 8.639317381222787 0
3.552979944813921 16.258856953864445 0
6.258649712574915 13.438307310871325 1
12.246328732283393 0.6008361166014975 0
9.725328358806106 18.711564698827896 0
13.296620893204029 16.471806077409575 0
10.942460393289046 2.814605980102356 0
0.2877450676166604 1.6886468129323018 0
19.454451020141853 2.2258281443998107 0
7.573041605389566 19.981517391391424 0
13.012598748511127 5.470418721730783 1
5.354919630623652 13.590326366416017 1
18.25957772138596 0.45702841293117746 0
6.2475670476459015 6.53724184172045 1
12.105556517660933 13.040120388814698 1
5.644423156367009 6.105591052849628 1
4.454495886363022 2.513918079663331 0
2.058621967770946 17.530473108101454 0
7.704746751592908 16.70598510028175 0
7.324010945452734 6.694986945933943 1
1.5330800535834244 6.467371007799024 0
13.862165257662504 9.409327812195873 1
15.513043671453115 13.695937087756073 0
7.534732501367363 16.359297818768905 0
17.715451985487924 4.743601441628735 0
3.5734638899944327 18.62302000056203 0
6.606320583728542 16.85369544794794 0
3.9672839591488707 6.867479891311962 0
5.943304600845405 6.510833355039203 1
16.59063274710235 0.17425212222821562 0
19.30554793309031 4.016187555839701 0
2.1701544919792437 16.087386368546696 0
18.817164108957844 11.856136276707062 0
9.208001320344456 10.144699447872725 1
3.5529031155950364 12.52363434454753 0
1.9771509825131406 6.316537478716684 0
1.3352730730840179 19.643520314841812 0
4.829908758773119 7.697152186442104 1
16.96560082152219 8.730237904160527 0
8.514504468783121 4.512333404326874 1
6.49212344466801 9.722978775282606 1
0.6409317086448763 8.836614297345285 0
1.2689608571876088 0.232569875335904 0
17.1046423445518 19.596048175687763 0
9.316123798176033 9.471611660464571 1
5.729232353923617 16.333739880067668 0
5.810482283575304 9.239520405178878 1
11.267529364401486 12.805792829480309 1
16.231177141274593 1.123565869003611 0
9.105790973289059 19.679209505162007 0
3.540698651971701 8.577986332630548 0
8.746163975970315 11.031853849363806 1
7.451600839247723 6.305825110572814 1
5.435823037788294 12.53039485682162 1
14.57054777420119 12.489939300047856 1
9.502444254905624 9.168517445693979 1
4.836269635120813 16.234868731433306 0
9.077418775780728 16.116147971363315 0
2.343480488683918 18.536192556538857 0
9.935392424898467 17.06177610618402 0
4.178043229610859 18.797494068805324 0
1.9692565700502218 8.606236669034203 0
11.997034423182244 0.3086599207397356 0
2.4348924247758053 19.485616644296286 0
14.182485146311507 3.4489122041041242 0
9.819032073389158 15.294625907743793 1
15.095845866844614 17.872435812372963 0
8.805338549606825 12.94901501471342 1
5.68198132805284 11.877144866350456 1
1.560571130325501 0.5186855941217505 0
0.48170985558800394 8.008289375816718 0
7.574547226559143 12.842388551922824 1
14.182077379993798 15.709359229810842 0
7.52599483452852 8.404276167312055 1
18.01679345271339 19.267124669904657 0
7.934956019827353 17.936823490697126 0
11.296827855166828 5.442499663278209 1
2.362419973109775 14.45101536321318 0
10.482946119805675 18.77309989745052 0
5.344920734706362 10.717116718336824 1
11.59874455215617 19.108832842618348 0
1.7286507908405646 16.429596533817172 0
6.377414875516239 13.324219255387494 1
1.9494489152925065 9.39935878126196 0
15.831561743140714 3.806740056513218 0
6.1338484559591455 10.183397254717313 1
4.5143969084361295 16.53211129944484 0
4.6251201637292745 11.39950908438118 1
14.532255285777316 6.257284933429719 1
13.008904043729785 6.128884643606778 1
5.240916209404583 8.636889185774441 1
3.793314160777974 12.717335407032309 0
1.7276062172513607 8.490013920448877 0
7.0224052982064045 16.474577772890914 0
19.899191821394737 1.739469787960859 0
16.976970339870572 2.992570222543125 0
10.996865236170281 16.307957491229907 0
5.90217005097027 14.35882315054777 1
4.020685746908146 17.658967841077743 0
17.877580711439368 6.375473665670349 0
8.55128397532011 8.855589044388836 1
15.787694210164487 1.6902104871013357 0
17.873385938555458 7.24617882519182 0
3.390342277455225 16.608575222323026 0
16.238642406636888 17.58346833654796 0
10.10558066061754 18.63342425821918 0
8.887012157093954 2.5174894259245484 0
1.3872429217554072 15.443269660199858 0
8.00480797939846 14.674365834688338 1
11.743553799578933 19.75818469943787 0
14.412838600759706 16.895596133087988 0
10.900905343938271 7.734514591945507 1
1.2214761671140018 17.502201259649887 0
5.619282531126029 8.014698539954841 1
18.324384541833982 10.697986512995474 0
16.66675935350008 13.452637889264967 0
18.106097433124212 10.210334372911902 0
7.187044236051103 4.97490610051692 1
6.3060984756842275 2.6147647688694753 0
15.337061615078422 3.309384962860966 0
15.852271736307744 18.346105420677198 0
3.6464768925493996 2.1719713350198 0
16.45629329108559 4.550967824002255 0
11.433702218527383 10.458333395348303 1
12.382378184859377 15.295298618400153 1
17.347619764415857 3.8685429919647096 0
3.956388027559077 11.431894775034104 0
18.787154516406602 11.344589118343098 0
15.673817591403168 3.444431608561316 0
17.235387184527514 6.555537490399653 0
9.411301519523992 12.605224009028028 1
9.62721891329256 9.690613393698753 1
10.517908104691038 3.7436437255944055 0
11.267534998940308 8.789456776376403 1
1.235469910488911 6.195740314659577 0
5.66920745637373 14.302092869743943 0
5.188435768787734 11.350104469451763 1
17.633166522757115 10.722142095102264 0
4.8356848520085265 7.108616980573044 1
6.734760513235698 1.9607640674801918 0
9.342454330465923 10.255193120476322 1
11.127162210594383 3.3173433761299798 0
8.535562677842226 9.651264920429938 1
3.5568562032153217 18.35108983250696 0
13.884512867061222 2.2180562513479662 0
19.395430668608697 2.8651245586527607 0
13.735331725343231 4.337695367492689 0
13.435500889201402 18.558784409318367 0
9.617013817675687 13.394008935552776 1
15.033047965940993 5.473834329638372 0
19.407166863016744 12.56824116339607 0
18.844235396963263 4.6448096759211 0
9.590443006076221 11.005763776409903 1
0.8813146642711556 11.877519824188084 0
0.5185145517906209 18.032191435259723 0
5.433535299201397 10.324634074258283 1
3.9089991043811523 5.626510557039934 0
13.87486604433642 16.983046972685823 0
9.12761371150465 8.171297704547683 1
19.968356519038444 18.123727204819755 0
13.759047229814986 3.96887080232716 0
14.338916004171738 10.90695822658569 1
6.965669975929593 12.25989262734098 1
3.223833494308115 7.9275086831206565 0
11.888522914552158 19.90604428412581 0
11.37164599625674 16.8522822005319 0
15.78626862857831 3.089272195624866 0
16.020206201704866 12.26455846569525 0
7.127809746210763 10.205774585859897 1
1.4304417974264627 7.321891114724528 0
14.926499803708818 7.249604287781377 1
13.840148945642001 17.35109167518871 0
4.945539696641747 1.4585468459549533 0
3.131122039945109 12.364737741106639 0
17.300014411761143 18.402722671932196 0
19.941627806771297 18.83296601963717 0
19.775608714569977 6.127136182565351 0
2.843152295048963 8.955061920575844 0
13.777866112825404 4.988748268434651 0
4.7710965985788985 13.660421118254272 0
16.577998136433145 0.4787113530387832 0
0.1574045676654845 19.770355111039205 0
18.264392102982857 15.494171989079128 0
0.9511338828941196 19.73978878956559 0
9.58712050335066 7.749365646298023 1
18.142078229440603 16.138147138517404 0
18.839030225462608 18.901837358348985 0
16.192821297933552 11.416026884012284 0
14.057051520728542 8.244180601014461 1
2.9020780477387276 10.46080095127403 0
6.6224489907121225 12.89831621579423 1
14.215246025889229 6.115462418295872 1
2.5077235624342675 18.52489173958731 0
5.338678981933511 6.69389847393242 1
4.8531348606103775 12.128447084258267 1
3.372952142817447 5.847910237427046 0
4.840773154349128 6.6352457102363775 0
15.608505278586641 11.597084738239188 1
9.690466571387724 6.2768440201357585 1
0.3562532789976469 4.8980591382889855 0
7.943033938865424 5.524623919766416 1
5.325692283343281 9.159824019639979 1
16.167715130110103 18.899535926395153 0
18.983287336738368 0.5353707061661894 0
2.1741214901780226 10.407326695212832 0
3.2189607483914284 19.584685423245183 0
5.829944747086298 16.366832255411385 0
9.123819469373743 17.44989623461264 0
11.516006422901082 14.630578356298878 1
8.484070615133438 10.803686375297321 1
14.036315459821688 15.35564541159455 0
9.303618333860173 14.442169574587941 1
16.081740223068508 8.283777261590421 0
1.2246146445455564 4.00933433079564 0
3.369515377748211 17.62343600826959 0
8.421805489683475 16.277059086395774 0
15.608193131704622 17.01835470007196 0
19.048535862909574 4.193945358607605 0
14.456252784874728 2.566051797094524 0
1.586683926096486 5.467274072654799 0
2.581966801182032 5.0892210252205095 0
15.106762017423112 1.2652293040197948 0
13.686023129079267 5.578946252500692 1
9.960646090102028 17.27067906976832 0
10.261743700510713 17.436858018875323 0
8.50307127922939 1.8849510046481721 0
14.407941941972776 8.31464046657173 1
15.740947964529768 19.584731793511637 0
17.481959587715554 8.143979077978699 0
18.734299496426168 16.475087066386152 0
0.816009332612988 2.291166879336155 0
17.215989100680158 1.3537719633766332 0
15.325329589004253 3.9284651749310617 0
17.724832925507734 0.21063730795146673 0
7.2911277149789 0.5520614407828184 0
7.459584431272748 12.465338169715938 1
8.634041056702646 16.604607119879486 0
1.1129815377987806 6.661099971089928 0
11.510848959214119 10.521832649447022 1
9.130639612788356 16.864743576511675 0
4.362057319549781 14.723866197458204 0
1.7654162394924544 8.172345468943309 0
19.533682527965674 13.77466450457964 0
14.429045483982698 8.167304777004212 1
19.646177446442564 5.395369742975465 0
5.8082503495170235 19.55656485415544 0
18.968347172744004 12.618962227200738 0
14.410400546511903 9.755019670905982 1
7.912798056442625 2.1978801898282807 0
15.33272564291509 3.587199070696261 0
3.7209572276589165 7.568323226757978 0
13.346297209089936 17.25728593008424 0
12.187104223791216 16.12925341891986 0
15.118033928827298 10.225769873140912 1
8.855502886357636 3.6791537223752058 0
3.9299965476479914 11.423194592324927 0
19.60377202780644 7.025377992241806 0
16.6858763114737 18.00735912126868 0
6.061128587807712 11.355422783477213 1
19.931306432497706 18.451116005240728 0
12.575296572862518 13.209901189751765 1
18.741018409653964 9.361221852103391 0
12.74996420015639 3.0354122276958684 0
9.802916631826088 1.187793887506443 0
6.861649366404454 7.184090239059819 1
18.559228080639585 6.8540106548148945 0
6.297804183115501 12.596986091962716 1
13.978394469090812 4.791250187333835 0
14.458717270855663 12.630233416091947 1
19.273584872341168 12.325989051541931 0
6.396193443679696 13.653214966873461 1
17.925739355421655 13.213887970679739 0
9.554562690140491 4.801664475541707 1
6.661964223852406 14.527203078664225 1
1.1946754836415852 4.202509555397849 0
10.005731927570027 14.113784040810526 1
12.344523767092788 18.598606365971378 0
19.607430852646385 10.994980558181364 0
19.249934307983036 6.539516507852192 0
7.484034092380744 2.096339413374797 0
8.13967160540939 10.714011839758587 1
19.718632778500996 9.040123288789115 0
16.129714986116934 16.07514295952686 0
4.286043661874805 19.956911971693437 0
18.882709974709712 19.654673398477357 0
19.268198544982937 1.2635342960912 0
15.341903759049025 10.176779643923524 1
1.3591624772509614 15.957912397294214 0
8.934869974589999 16.26642636163487 0
1.8267219798569578 9.550739488426439 0
14.189231773504616 0.2868993336338299 0
10.31151022092599 8.063239373690578 1
10.065493203772407 3.4015781880635454 0
14.175092588791166 16.549686919418736 0
9.633423238050941 12.168239874786245 1
1.947516542567087 13.852422279604317 0
1.567492883432362 16.41044966970264 0
3.130524555139489 6.15789805775208 0
11.306598949957019 7.261458725423693 1
10.376321133089984 6.389827203604039 1
2.639230256406797 17.192305779269322 0
10.216515813938686 1.0488323183279324 0
19.655196983192873 18.940136783207045 0
9.68277908641334 18.40521918282374 0
11.951055440329279 17.30231950497764 0
1.58207425422616 3.2204412987681708 0
0.14083899590947357 4.904878022210408 0
17.66748347712342 8.661185891557722 0
12.208936614196361 12.996821445170417 1
4.975049770882276 18.514175677035553 0
14.264820342774536 16.281358707515466 0
8.98822798458866 16.375009267481474 0
11.739000685057803 1.8426769540441779 0
6.661140610576572 18.799516986019086 0
11.960862808632006 13.791705014764366 1
4.311932451209611 15.967697285901279 0
10.241076908069024 11.846285830151693 1
18.67408950825076 5.108005906764985 0
7.569313290440798 19.59784723212643 0
15.00689887357261 18.636766424202705 0
12.65471356918761 16.74594106088125 0
17.71096134096377 15.861533390024174 0
8.594301498313403 5.5478196653513745 1
0.394300893504711 6.084872800323198 0
15.865640237539223 0.9784876303289769 0
1.7874679929770787 1.1572509057481795 0
3.6684415282463956 9.552683033408119 0
17.120613854389536 13.048803584695355 0
11.425884794272296 6.104179821075308 1
16.922388739470296 19.14772573944299 0
9.77417778965368 17.060848718174345 0
19.43849012028283 4.866707542876552 0
19.93386147994629 0.8026943020638777 0
14.073655781114471 7.9340521128021635 1
0.5618043789580951 17.822767817251336 0
16.284421677576965 8.462852995909769 0
13.320544087067368 15.931662393622492 0
6.224071972740417 6.765511541215572 1
9.852367923321648 10.986329686397475 1
11.343130307699482 6.085454883487939 1
7.150501789035775 8.540363592060196 1
8.71450749924387 13.266727443227634 1
7.092587173934581 12.59485845705276 1
18.40494960775457 16.87538286187661 0
15.356100952674277 1.2851067260425197 0
17.680869810744912 17.94755016013047 0
11.21259845708995 14.734681592341277 1
15.781723523744907 15.148536471103167 0
2.716701988693535 14.533237453966235 0
11.281776496452874 14.756555393310219 1
2.9570291879689714 0.39973269691347957 0
7.625594854453626 0.862218687495393 0
5.367204816310906 16.61098734661999 0
11.504615950176758 18.943855176252015 0
1.090571230801629 16.394231538346478 0
1.5583697940890828 14.007003220351098 0
12.865587888058752 4.184530245129682 0
14.885405116761401 2.343143325301522 0
0.5938893516294774 17.03743578917128 0
2.4439272154751235 15.138835031240825 0
14.299892104167595 9.964080839648357 1
16.51357254285263 7.407144442283493 0
9.182745923179759 0.6044766101984611 0
15.456069799724316 15.922669605359165 0
15.556170042517115 16.575968306522256 0
1.9220447821367492 0.6579398555396532 0
0.8375445899112477 7.996163831766001 0
12.791241060589764 13.020486385125508 1
8.71934170056322 2.4318515713363342 0
13.082442099515387 15.931750704877013 0
16.58466770043606 17.79551993123294 0
17.367044101062838 19.768712444524358 0
15.177692111039429 3.2959742166218042 0
19.251477661373503 0.10405261428363177 0
8.936770906493123 17.77249914371806 0
3.098535551402173 8.058393216352222 0
9.289142739623982 14.315878533082358 1
13.668847467050378 1.277317717804205 0
16.43246625625667 3.5325144693421695 0
18.574156125869795 6.175266450156904 0
14.254153219316933 14.36592422109908 0
0.8555215908777858 10.549190525367786 0
5.366435367422648 0.4988217350265489 0
2.7489786477642664 10.100282893918013 0
7.259719224474221 3.1815723080715697 0
8.783386649393458 3.2966369411829977 0
14.749378680141712 3.1662562398669514 0
6.985966532097083 2.238537997544201 0
0.6404561695900446 7.567864692062747 0
19.53151349223146 19.854425636430214 0
6.497419017777237 5.6788747209037 1
15.865459339071052 10.3072438346486 1
19.202919594367206 11.802144021562755 0
10.430704775786959 1.8079840095855881 0
7.11722497914808 11.2849089369485 1
3.9859800552277336 16.951902283875857 0
1.8013971149303165 10.19179969240653 0
19.576021337713307 0.4042417203740012 0
19.093161599034666 14.82838677169058 0
8.232181583878113 11.552141731502157 1
0.8651773880120417 0.5444467525752117 0
4.3882197421950275 12.714670161778967 0
12.468501694519034 8.480727157276338 1
15.21420917666518 9.594627946686227 1
17.535932675451814 2.3564018898088457 0
7.443752695617752 12.333060457887115 1
4.990754992959571 5.299703921315544 0
3.9178122268114923 13.682412377309614 0
11.861576458654511 5.544514352084347 1
9.216643632065422 6.5156405400230755 1
8.793964655947518 7.337367090807392 1
0.11976014838928295 13.159583447058598 0
9.302797665350813 17.162003101457273 0
17.407644374664628 11.823109658618742 0
18.165942429966194 19.425392240638185 0
9.788952062683279 0.6893742516890411 0
9.474721152707609 6.207783584589812 1
14.246650488586791 14.039545310773383 1
11.904577461159455 7.96076721801313 1
15.886076873838222 14.031486850128765 0
9.258176353963437 9.470196354424216 1
5.086138373669349 5.28418047484585 0
16.501155016821023 12.566251731602367 0
9.363835845081017 5.73354995952021 1
14.90274046474418 7.8139163947637496 1
13.456823616273812 13.273331014615266 1
19.21834856002563 14.851225662540116 0
1.590440790166554 5.8132062116773024 0
17.524327503871003 5.428384786046172 0
15.170823864303166 11.894608381606034 1
1.503530237961872 0.5842289145298318 0
15.279412073365105 4.468463370407678 0
5.909339293351719 9.869772035501732 1
19.926369046541407 10.754420775456317 0
12.115012619651273 12.740465629654862 1
13.225544790790915 18.188043230733705 0
8.582346688961369 0.0903268612809538 0
10.451161782667569 6.025432218872611 1
16.1639185955371 12.425652477306032 0
18.230241848862587 11.595512267386196 0
7.127261730902308 16.72508020950073 0
19.045128727248496 6.230850398209771 0
2.263490781696398 10.466952941071746 0
1.8813713963132939 18.027993073634704 0
1.8180975657342757 1.1409407991352372 0
7.4183456219688 3.2826740885842876 0
8.88528328994699 11.992021917973062 1
9.45687399690685 17.26906811555667 0
1.1421237193280165 2.115444102475017 0
12.561642048038257 13.067983276640893 1
5.349443006003876 5.947885635412131 0
8.234826794758511 4.90652482637598 1
6.316665057404476 10.58135281334458 1
1.3981789552155655 13.828785227792777 0
16.53020995655367 6.130125842223373 0
3.626531727793163 14.016327678866352 0
5.112890571854405 6.844747742960728 1
9.821833243718313 6.298480380261071 1
1.5045736217580497 11.65472074399333 0
19.35840012623945 15.618741414634203 0
15.076228283636944 9.600342931975714 1
0.8486906500086544 19.021904997999656 0
1.6915503052291903 2.8379024074246173 0
15.4734996188137 8.522619793952009 1
17.8882928478148 5.754979105196545 0
1.704892910123501 16.363411978572426 0
11.711813960322319 8.424555197588417 1
19.613908242332677 6.454952170455601 0
7.7509448241187044 17.340274287169443 0
5.729320046279556 12.665403022538651 1
14.708878042330781 11.819516946405557 1
13.206714568074648 6.76046136022753 1
10.555227800162612 1.902527826767586 0
8.298685076211392 10.897868928373578 1
7.849300904810466 5.581035972770949 1
4.024387252150062 13.376819272868127 0
4.462485314420233 0.018061799616728713 0
14.35074088948874 6.945824994282037 1
1.6279329965394296 10.672938869565623 0
4.85558067205226 18.261422409986135 0
2.0703228759881664 15.017557669604138 0
8.079830660042509 0.4549546069693 0
0.16358137885552626 11.672544985980801 0
1.3742143379083238 8.363253678222872 0
19.506942786393623 13.730023768658068 0
5.182661547188863 14.432054573480224 0
0.00876433894665185 16.127401684353785 0
12.447404481168935 7.53471370687447 1
0.038004410495744434 13.046787194236027 0
15.802803468863438 4.30593455791016 0
6.6916277348653015 7.441961411671134 1
15.081625306099083 8.565509687921454 1
17.3518648367796 14.793145055516208 0
2.2998362608605394 5.7377914481360515 0
8.179000286147684 2.875134850405292 0
11.764332520219618 12.311261180093007 1
12.613948560790238 11.67649421349739 1
13.482363484565605 18.50416415571736 0
15.37780219194145 4.299025489137181 0
8.238600170388947 8.359366379858642 1
3.346357152829662 10.700095175029471 0
0.5428619953006386 16.910184599143886 0
19.42980755515623 2.619934914042017 0
17.413312523068885 1.6561601223028477 0
14.726932312545436 12.314013305697893 1
13.979246937868115 17.014544374067228 0
16.501650907683274 8.915003118592669 0
7.400951805212184 18.555240141742026 0
11.191600167631934 7.01024053578744 1
19.97847068246245 9.87508699321185 0
5.666187040352275 11.770317684453351 1
19.029867702544255 2.6162398834085754 0
10.252118128744787 16.830707320285196 0
2.3037084524916795 9.548068894668042 0
18.31591614675877 18.299924130504415 0
18.59770781228882 2.4101660955855198 0
8.87322630004961 11.978542426334581 1
3.3669745719988953 7.02360438874792 0
6.055863755506152 4.967069108559119 0
16.169282004331883 15.803884761832022 0
7.572192160318161 19.64025629272693 0
15.843088516577826 1.67394730550535 0
14.561293214949384 4.6856130521283434 0
10.095556124719277 6.028361289170574 1
16.302019589139178 18.869752982691423 0
17.28834158372277 10.905560237237214 0
1.0117580395780856 12.377157287936939 0
3.89212618766156 3.073007606085698 0
4.048461157840069 11.468754614027441 0
6.364768680766463 13.746172034613908 1
3.1120242954935295 5.554769317278141 0
6.697766480207628 1.5268332044333088 0
14.124578501675433 10.460076584725416 1
19.118674528444053 7.435973650831698 0
3.26034323115326 13.860006485743705 0
10.837077767800823 4.04286652494484 0
2.889909548301832 2.8028255357211895 0
12.978035102098136 8.405180066927407 1
18.072618374882556 17.82338456444428 0
14.024289596375867 19.951585457599197 0
18.856945323120947 11.664294068030191 0
8.97110949893672 11.11290049077259 1
5.733441505831913 14.07572029480886 1
11.512684723001652 16.783516430176874 0
18.75098925494529 10.586208303224518 0
16.52349042689837 0.6015973630181315 0
10.296108494784463 12.217193026900961 1
2.5583313511005956 7.143250433805388 0
4.699770513509868 17.993755753439334 0
14.492370306300693 15.48834532711846 0
8.82264415886749 13.645811632935214 1
7.140026240695107 16.99914900339349 0
5.885494624597085 10.67067689045378 1
15.290033509919931 3.3630808943661283 0
9.567154796115865 0.20504013719716774 0
9.281608372361971 11.147033930099093 1
11.650205875587007 5.797266524838447 1
16.549687879372815 3.5158546665947754 0
11.57224572693752 2.9449991621388505 0
2.302135113392614 12.942439865901283 0
16.477708693040938 4.139870893105339 0
14.411616788512319 13.49808601440743 1
13.597259083151403 0.4346624244708841 0
9.615303761890477 16.91408816713124 0
14.355356833680625 0.24080541939837108 0
18.4092692567508 10.738059429087635 0
9.917956790973385 1.075740584803635 0
14.134929757812307 5.8186033911675095 1
4.181245000796903 12.574938102845634 0
6.394346022718884 12.393279045411594 1
14.247174639748472 18.302288905126474 0
9.3481133832843 7.965791612697519 1
7.81124007971139 19.65125572603752 0
8.167799750126726 6.846887214969197 1
8.709688453675115 4.098108979283161 0
11.039392668301106 11.652217070256798 1
16.84536787532761 14.56518916426694 0
7.382484815000034 17.702617208333805 0
13.309918731486443 1.99115740793677 0
6.8282899622768545 14.352607544029103 1
2.462670627468617 6.389178519378214 0
17.3063076758423 16.347266879192844 0
3.8454595701006955 14.089036735220432 0
7.1454784177626784 9.82244055678394 1
1.889575780827626 2.0241684908105095 0
18.017090517712834 15.386089459248812 0
17.03571758539732 0.5774958917619255 0
17.995731628409622 15.376313664593377 0
11.523207757536813 15.387899770658173 1
16.12851910304601 2.818812033855038 0
15.415611693132313 11.879697230355497 1
14.931688880836075 6.989282588035984 1
9.3210035797571 9.841693267897554 1
13.665001285041722 18.584931645363362 0
6.205337745949988 14.795126285222784 0
6.091689386340056 15.680489793320117 0
5.154258068495632 17.390953682452814 0
15.075568549834198 9.298990372962583 1
4.287555939325507 5.429058231812222 0
15.728092201770265 10.885149451700036 1
16.87923498507139 11.71165623411531 0
14.056534788206674 19.19292858985971 0
19.003906085128413 11.305493417891583 0
14.199511154692239 12.676594001868914 1
19.565658262141596 15.428697869443553 0
13.155093898187713 9.670111188741755 1
10.83871144904945 6.969033059819319 1
5.62125665094916 7.648214201700176 1
17.18747249117965 12.52940210433983 0
4.429600258994824 5.154603731127803 0
9.496272701092447 4.007764905943086 0
19.399637033091164 12.758446526599275 0
0.7903040712780296 18.319053212576588 0
0.3554030520078766 10.893549345756647 0
18.666013293028993 9.399926449072932 0
8.742113188995148 17.806275869121716 0
3.6610671773967907 9.749460162194941 0
16.130432316879165 13.836544145623733 0
3.652777319355731 1.992628577307023 0
17.127738140868733 6.018371348485598 0
5.581009406562432 10.222022086263289 1
10.178153801511503 8.63010474069841 1
16.739938532461927 17.546412479292822 0
19.71074420510185 17.890120006281627 0
13.269864079421772 14.747475813868183 1
1.1779743109254026 16.383708727323302 0
10.743407582618818 9.678152116795072 1
6.700133901947263 4.336039581033093 0
7.119043848101045 13.879529570086127 1
16.351922925708852 1.6739729361034805 0
5.647124169966771 5.489073770581272 0
19.348574976472083 12.361225311851058 0
0.11156226793466395 8.054469826887832 0
15.483690680004766 19.553994071920904 0
6.037388378960173 9.827531299832142 1
15.80718230539864 6.30429325913396 0
10.893699068298284 1.7435891572464302 0
3.4996029679261564 1.3764683244001952 0
9.941896329508717 6.325526740312728 1
15.233233370197146 12.04688236284534 1
7.957783407918795 12.307754426528803 1
17.842739789174775 15.719014231092173 0
0.33443223474736605 10.372142947950172 0
18.788278499010058 4.016475561077256 0
6.813744382178419 0.49295995183779917 0
4.632307867925358 10.492819772412572 1
6.813212897726046 5.733744086661197 1
10.618472373518395 8.798071264121546 1
6.459495511970539 10.771161435253527 1
1.045596272557947 3.750745887953484 0
10.788950738038452 18.702376823221535 0
0.23444658121694495 0.024667427200231185 0
2.655515766752896 7.226643117413511 0
19.267591804678908 18.56849712634723 0
12.509597142640345 17.176888511265687 0
3.277959482463799 19.456637977955584 0
19.44306982489772 13.384167649347553 0
10.599612641328015 14.200721269253261 1
19.282934887507825 11.83086295060556 0
3.835586373730646 13.273183845633351 0
0.4231452838458294 16.786902894636913 0
2.4575093591384234 11.089148494579351 0
12.042568480047262 8.869812635590058 1
14.471859996933304 12.037275064461209 1
11.785865122111172 16.715092391469433 0
7.538050577591298 9.753927815055958 1
4.053014231836847 7.463711214063149 0
15.391256730807486 11.047737099226534 1
0.053255732206940465 10.545158013548084 0
16.874875287106555 7.3565065490553145 0
5.1962725136598165 11.085741072865698 1
0.46559037452349905 9.752469733640162 0
9.53757127554435 3.947616913055545 0
6.0115973829585645 19.3436915434602 0
19.26600856243636 13.511247000587721 0
10.035263588374423 9.16000450201388 1
15.038138571301488 0.8858908172650692 0
17.654246145747766 15.367570898692831 0
9.695281652276995 8.746886829482804 1
17.643760799876965 4.760220556957863 0
3.3413700412516056 12.750314758722993 0
14.745489263627734 8.676985216545226 1
16.81933904705789 7.939116132087822 0
1.012084370833104 18.373934596822256 0
8.182612727137261 12.984476431948815 1
2.2756595541581204 14.336000991477846 0
14.76539867413782 13.47606231044703 1
19.690761533736826 12.57392336777956 0
16.78111032798195 2.8260380437381905 0
8.454348839176241 11.017385161072932 1
2.8729462381702864 13.09531181758416 0
19.670867068996117 11.611078627574546 0
15.514905872480076 0.3624688625263306 0
2.856629304149745 10.249995035274846 0
18.968678664971776 16.419122407658286 0
19.502035936339833 12.334218352071433 0
1.761727296970843 5.601745564441465 0
17.96868658108002 9.337047247890853 0
5.224783371817232 10.214024389877421 1
9.619296929599434 8.490431988237397 1
18.401335808867685 13.648099203743646 0
15.518476462128955 12.838543255603042 0
14.565350871371074 19.68569568393239 0
0.6581464701205153 5.915615801018892 0
12.170759330840124 6.26773236569139 1
3.232113016640652 10.904546145777896 0
18.889660844914612 1.2367260881114572 0
8.597191404633094 18.175103922185208 0
14.177001314267653 15.930081309770898 0
17.93135710881271 0.9927021498566901 0
10.967592091602373 1.3024827760803315 0
3.4537336426719323 16.586003299841423 0
5.704849824872074 10.3187596269955 1
12.227138679786174 1.7140678801116693 0
12.772789329233964 14.116165502311604 1
2.877555504416107 7.21442190491588 0
12.374672467104562 8.038388144622143 1
18.219072059621304 3.931489155894272 0
7.436111218396759 4.271417404429599 0
18.484281018705047 18.748958504873286 0
11.556050104681809 10.063270271925127 1
7.843065631385193 15.833320741651791 0
2.243614912380607 10.962712215114408 0
3.2023675132196994 4.628282544228879 0
12.351772473503239 18.238797311640052 0
9.173625169604701 4.324626120634605 1
17.886613221163948 17.988040245244946 0
1.786111429165449 4.348178214598242 0
15.984473995039483 17.689456141285685 0
17.87883882676261 2.399824551686347 0
10.053501943604177 15.934109070055635 1
5.255013834123899 18.687907621073336 0
0.9344022992700052 16.80006743022718 0
4.465154552270927 18.948682325874085 0
18.192988697149698 1.2019893933338333 0
0.324492414082842 5.859409698532736 0
4.468094727653817 14.45952965692019 0
4.4898815574441775 14.89366733534136 0
18.107701390652647 14.548414287930822 0
4.5429072836384465 1.920694067564257 0
1.2650952294681028 11.011561657620438 0
0.8939548812436526 10.653048840185352 0
11.299796571242261 18.15271764941083 0
3.285089930858145 12.33740670101593 0
10.211835986681955 4.426796740690007 1
6.487859785664503 5.527497990081747 1
2.4766633504367075 3.3564138720900716 0
8.180324111865975 11.518027932257581 1
1.1057166637925664 15.433704799725788 0
15.387361882391062 3.6500402827256573 0
17.170500354831038 0.23582782069274666 0
2.169845128093819 11.522553560377393 0
13.392784246952338 18.95793594062464 0
3.5328967776496034 1.3057204570824288 0
4.85746838726957 13.060429073319742 1
15.283159907092115 16.42909898069938 0
11.225688742390624 19.187528169429 0
6.433583649288066 0.38280125184364744 0
7.640093064812907 14.346884840183701 1
2.894182216500929 13.083217661431629 0
4.642760351737001 1.872735731264208 0
9.9785741003806 7.224348690451732 1
18.4152763275284 19.85975936554331 0
7.4357195658881 11.535324157611518 1
5.940453785066861 0.9724567765496439 0
11.229669350406219 2.6561880733952226 0
4.407893634605244 2.7305326971538024 0
11.748264884059868 2.413095320311369 0
9.439889607350832 6.98696715408865 1
11.23366086399331 14.861071324624293 1
19.62598659724143 0.41634681820966524 0
5.528820655679514 19.896664187016533 0
16.775521365104193 12.432150573670931 0
8.117774419278916 17.89505406418775 0
3.2972616980309666 18.109600517801216 0
16.4842467223325 14.155001760923401 0
2.2453891585932872 17.640535600239197 0
12.263369217235926 13.023648038929425 1
12.65836198105941 6.6240198877660745 1
19.696959572406676 15.603122226957705 0
6.0494878224253075 3.433407774787567 0
17.14393770869398 1.9648285911565733 0
4.425623771543448 0.25446498389248395 0
19.316264710926397 6.239524700589194 0
9.847640149808441 18.259679571068435 0
13.171016243645685 0.11689624335119664 0
19.48069080694814 11.648756088409352 0
10.305840450356158 13.889527765869044 1
2.475588635277264 5.92600458387637 0
19.914693981919196 4.914482346667977 0
2.1280525582142396 8.038374083708268 0
2.2510691669992555 11.34927019122427 0
5.740951472038951 1.0429508304498358 0
17.376359137484666 2.093687718912398 0
5.9108597299493715 4.401523794148456 0
6.285355022170622 16.97382232518629 0
5.59716584256379 4.238984067304951 0
11.702739157789026 19.891542707866787 0
3.2932682454542417 10.104338733709824 0
6.065211179359062 8.09740654520695 1
11.831490614005869 4.531473935628821 1
4.988695553669897 7.026802763588151 1
8.791025011999436 16.883786804122604 0
14.306663766765283 10.633717552361455 1
7.775960042157308 12.674998574328137 1
8.064927524772717 8.218985509687318 1
10.57300295706253 17.841456015709 0
13.932886357317045 12.317080077196286 1
5.994253569985708 16.11291702652014 0
13.748576379868444 16.42009593625462 0
5.93500688468152 14.823253124322985 0
9.49250761111285 10.239931125191202 1
12.384676409826756 13.38945334661084 1
10.173295370231433 1.2834126243612665 0
12.122377400010302 6.249913171205421 1
14.67924244502823 18.396723583541895 0
14.96595303168277 6.140297579457394 0
2.9220744607113214 16.31404760871716 0
5.385559845206165 3.3096807340430034 0
9.726720474233463 2.9340362022588984 0
6.86900534369488 17.973619583936994 0
9.507659752136167 14.515874108135202 1
16.825747277439056 12.683526018553925 0
15.79450710293889 10.486404399916937 1
16.81744369243454 18.172283970614806 0
1.753433574977572 5.432687610522155 0
11.899756888046888 3.8576276998227788 0
12.28728294513642 12.476909951209025 1
17.06887819944985 7.680075543456981 0
12.303896605432268 6.336767732133881 1
5.348035867255929 7.4282353864119655 1
9.090799332504535 9.67600132154974 1
3.1022695804470724 10.16759428982964 0
17.38817055952529 19.447807943813032 0
12.731772528356286 17.331579636452105 0
12.827238273748453 5.741699508567568 1
7.6130507256538715 7.330813876329856 1
10.787772344246271 10.649517002509146 1
0.033908791242531766 18.47836410013783 0
17.53400992457188 2.0896923823433866 0
19.069167660784395 14.952887973218106 0
1.8610389008481554 6.513318960609926 0
12.271952227635406 3.8433299051344605 0
9.153970555317246 11.688649075965527 1
5.953792815802301 6.1358604947520945 1
5.748648469766808 1.7674552816027633 0
5.94849874912446 6.442286920635414 1
18.784249000496235 14.739599267706234 0
4.043717145559316 9.991032623417555 1
15.815504560140194 5.602579853972598 0
4.33378727925014 19.117470488838883 0
5.587990372914304 18.75488899897521 0
1.9003036175757848 10.430061848211835 0
0.5198131725614252 15.388955801057342 0
8.529072872984372 0.012033385356702286 0
7.649876117459897 16.37494051877492 0
17.460245173575963 0.16174537790652366 0
18.913947840377062 3.412046339725836 0
13.035312618963815 3.3703373424110183 0
9.511346883325558 8.75596319693271 1
3.6347792300179282 1.873542283799594 0
14.145202711120586 4.162649367176378 0
19.364865660325677 15.76579424630977 0
9.452147510924455 9.29222442460416 1
3.621874166066499 11.085451853584996 0
5.537551505683897 0.7713923918551124 0
12.989575831007178 13.713167377922016 1
18.92176686751007 17.74101361268789 0
14.509574989244822 17.819220690871497 0
1.13527813864861 10.160506630705115 0
2.4586773573093446 6.530677286465045 0
16.44074203963916 17.340848145309945 0
4.137302692984299 8.420872160370445 0
7.167373620161975 8.660184781590253 1
17.849773900227216 0.3966585643199805 0
4.441341766759681 9.836485208894759 1
0.9343764500334095 4.401874155739243 0
8.406099764312467 2.4895868671292343 0
0.014077768939930735 11.213223562334102 0
1.3375912025418968 7.659316234882285 0
5.945971048189527 11.554722273490887 1
18.44994461672855 12.278013211922582 0
12.128114514941222 13.446225134594306 1
16.80648805752552 15.840688959597939 0
3.119155034527179 10.611946235880946 0
18.121445104994965 11.122501294797022 0
13.357394674493147 3.29864263521364 0
0.37591494490612165 16.554462234625763 0
18.233504741742795 8.971205009406077 0
10.15568904603099 19.099574122565937 0
15.072152451586495 2.4012145899363824 0
18.92884760915096 17.050039246276697 0
13.44297336612489 15.090603524856224 0
5.891574927489838 14.692435836433802 0
2.160228448882937 1.858411639800246 0
15.051767909514815 2.8662113729021055 0
18.407908228043883 13.170109517930449 0
7.458537459595385 1.560009877632531 0
10.800268547466036 5.114949862649216 1
10.756051376636037 18.770446889217183 0
13.54734119893813 18.25999151150533 0
19.238144700624915 17.600425818193074 0
5.670050890638523 4.347390151160873 0
1.4810360139742396 14.648899402707158 0
4.6426343972126105 1.386440833327316 0
19.13644503320192 5.77713985201501 0
9.847325627084091 3.2650386215691585 0
11.231544432626603 8.65637041786313 1
19.941077181842907 7.636395400204526 0
14.9272083089866 13.084552520209014 1
8.240885697303497 2.2119250509618404 0
11.398928228369883 9.659365187711744 1
10.75648979977209 10.836509107050489 1
13.741134815128884 11.001129453083438 1
3.950817177791466 4.942734068587253 0
7.763624130434648 7.171948439549293 1
12.147750664365667 10.996602634477782 1
3.206692654369361 15.069391385899973 0
0.11500889206229159 16.9047210749872 0
8.579049238627597 14.612088383541435 1
15.147606766710185 7.589440022975991 1
3.9252680660551853 3.8562662523822255 0
7.547762826811635 17.1630673209532 0
9.739707905450985 19.76326521383226 0
14.002146060319092 11.10588216184196 1
13.43804641614704 4.4718453508067135 0
14.348570473071183 16.949695339401977 0
7.081244926843677 10.128924315515999 1
0.3477892373159097 6.717259835030078 0
11.31799829349081 18.974363139954168 0
17.2161845825158 12.001721718618164 0
5.035265166386269 8.811800589467659 1
15.819679819424442 3.2230991566360268 0
10.429309388937426 18.26718878899355 0
5.820619922963706 8.527905662541215 1
3.329507705096608 7.0565864537003105 0
4.853251331651565 10.18227575087221 1
3.313640364403927 10.373495912838546 0
7.003100278178753 6.915694247678676 1
0.5853324341959665 14.80437740849771 0
19.72085308040498 7.42193106088078 0
18.07750153152663 3.386456505211688 0
14.907566189129053 10.281893771332182 1
4.818136934535129 3.470401468797404 0
13.111955815424231 2.3938122554318975 0
2.37669381754946 9.315137691833304 0
0.7158660832037933 1.8808749467904873 0
6.617379025648267 6.019520280425461 1
19.42363099084276 17.469806994693013 0
11.56571039531789 13.878988464041166 1
13.493029759396883 14.336704159802187 1
13.73712312358579 0.09332003549795465 0
7.287927345366507 11.440716417050648 1
10.277237929759986 19.514899879972923 0
10.635313553408967 2.3615277358101205 0
9.433091271420889 0.5863408057730979 0
9.061509809066578 13.675345874136212 1
5.319622131570021 6.948717735723475 1
2.3855456041935508 4.5176261736145085 0
9.731976704872952 19.43508858622003 0
13.90504673160268 6.027465468610793 1
0.9456758096322226 10.30464349311033 0
16.71906495201157 12.670339271292413 0
16.694518544394693 8.832960407419497 0
14.679793726454244 12.7794125862907 1
4.150465450451448 19.65061026421714 0
19.539624013225286 18.693281235077908 0
2.010822465442721 1.8814888708245259 0
13.64481481221683 19.673566008184604 0
17.40798985336507 15.42957949343646 0
0.2627657225604696 3.182851248995573 0
11.301894357606008 13.156264389474774 1
3.795992074820216 17.25175939863677 0
0.8312054277320957 6.872011201906041 0
15.818163236968836 14.778385987837856 0
13.16228042213099 7.178960715115899 1
0.8800471148637445 11.182869390763031 0
8.696881929255131 16.708412911370377 0
7.827826416251574 12.36207933884807 1
6.28348283910837 17.676798866669284 0
0.7815431502130199 0.05716134298096698 0
3.7560319539588716 14.648048584945691 0
5.184047915290877 19.294372712164694 0
16.648957676497282 15.939875199276802 0
12.264935821832996 19.15907594418593 0
4.524344747290061 16.989615495145294 0
1.122428083493705 1.3403941718872314 0
18.12071934517659 19.83879176519842 0
15.122706639305758 13.733454277985974 0
7.995146144220932 0.03725735778905559 0
18.89269103403517 7.703586290026254 0
5.49360585948782 12.594562527138484 1
0.23814179344006092 16.101052334381897 0
17.080318142367812 5.237348996287765 0
10.735894207989992 1.9452584327771838 0
3.329546691284331 19.019404739824857 0
6.136023769923091 10.77536223299171 1
7.608029385185051 18.024418511310817 0
16.48732622038919 17.854810920500213 0
11.085024593310557 14.526770293114753 1
0.018746438457251102 6.638662667179258 0
0.1572136211949493 5.896431606307377 0
7.660050558820915 12.901913769459837 1
17.180917057052266 19.67624897096899 0
10.236289252369026 6.728009807933004 1
7.608642182151497 9.465620787321695 1
5.294656935445616 10.887642089896802 1
18.05008208662406 15.458669338550767 0
6.292069865252845 11.285176592064206 1
8.232265419406453 16.893209891377673 0
17.15380104918689 13.184197243414966 0
19.63695542467289 6.888328701899016 0
11.640648644127346 14.72153828077113 1
18.833327121636575 6.330559270067679 0
9.845331505845854 17.721246220838516 0
3.533086135833685 6.866076889323995 0
14.32003992994247 3.4365831626251286 0
0.2127547872740032 15.797620144190285 0
1.3260447627911032 5.0784994173576266 0
12.299256965452152 19.96727651431414 0
5.948818544590484 9.587682861232453 1
3.961950939804866 15.011456309792377 0
0.23303137733997392 7.89911072910188 0
6.814837825004732 12.746197869103232 1
9.035257167807767 16.770823960561696 0
5.367482142132078 8.173065934632547 1
18.34432179263316 19.870141801285747 0
5.2949333040996915 18.02695130915167 0
8.65731237743134 1.206457744025753 0
2.125923452157936 7.1083622825938075 0
1.1809446268426527 4.409533466755899 0
13.91474936841393 6.143006801680119 1
19.373135360791988 8.228611473349075 0
17.141663926971372 9.452099619390076 0
16.680083082383902 12.458681245242225 0
6.429861150870513 2.1010708447198523 0
9.644983765635246 18.286874393349063 0
2.7890898027594258 5.570813560825362 0
13.397989102234417 6.782638036587796 1
18.056081035219457 7.5423278477715545 0
19.651070264739236 0.5188818132198736 0
11.370655246066496 9.747305137985931 1
14.214421063142531 7.044146450970381 1
5.768249615428993 15.770671563198395 0
3.6690779879008883 10.394946380050701 0
19.406953371790777 5.8213535740396 0
8.912753804865293 6.027290377568571 1
15.234675495990476 15.090462350730666 0
9.482142355820528 6.745673831703256 1
18.777851980018138 18.88278929942406 0
7.241585070368739 17.37056453937021 0
9.231796399056973 18.955066297389894 0
16.297075833706366 2.3542243107868455 0
1.2083267060300673 15.654379936851068 0
13.728151835857572 10.357940785462292 1
6.0413308473017135 11.448700891190844 1
4.357874319641464 19.109770456942687 0
6.936021877092104 7.724173023733014 1
2.2026345804406144 3.076994523040577 0
3.4422578674235838 19.04191737417029 0
14.10550864144721 0.5532382643093237 0
14.193078937241808 14.379960939950507 0
16.210400155022466 2.7363516657741793 0
3.1985617567076385 14.94407468136382 0
12.770422100890364 14.146770145365458 1
17.493696699944994 17.737664239373238 0
17.17694659039242 2.495723627340145 0
18.478634204464 5.103374107142368 0
2.5279122325834735 3.763729794378239 0
0.560417144706038 12.477645790828776 0
13.300393342453438 19.04740167014632 0
17.731376444638258 16.81047870337233 0
9.394495598274744 14.165538768320705 1
1.7960005586361882 17.816577032498074 0
14.112739950743244 7.084979223544194 1
7.116426541348268 19.75455274227121 0
19.271353192580044 19.360980558102995 0
11.824589465672561 6.988515698615608 1
15.91739052201217 11.922742498846098 0
19.37358405598953 17.879654875895604 0
3.9147871094785835 9.765186672050065 0
11.995851535089948 8.959338985017197 1
3.858009735492527 4.268895857334359 0
14.201471781991614 13.944380709956706 1
10.000246063512144 17.9276318409133 0
5.381361231671442 3.229434731282881 0
9.040636733413145 7.197432676995281 1
4.121529806139865 1.0108661532272878 0
11.362292641123464 1.7197416652948694 0
3.699918571621106 19.72210795992655 0
1.2581893155778268 15.181477114092491 0
1.7749964389228778 4.534173420817096 0
7.022570560249948 16.635527278801487 0
4.382072784827768 5.100209770662976 0
7.7512886921709185 13.534504033854695 1
13.269811851891472 17.64902083132039 0
13.688844086974829 1.0309158744952907 0
5.087813903347498 11.35289047172009 1
14.53575885472125 1.2030098191450844 0
13.585520214179942 14.47154154967569 1
12.793232740926875 17.27088655710586 0
16.15002510251324 18.90443358462281 0
19.9892617980827 8.487007457486923 0
0.9105244475094176 13.964603886835441 0
2.790822101977728 16.88657433038695 0
3.5939354587321004 3.336222638790187 0
5.183847621182425 19.302520748675814 0
11.752744888529048 1.3330691396504202 0
15.176639703894919 17.990218460117056 0
8.011786307137116 8.69651926544556 1
6.353987605837834 14.093894259700399 1
5.836706887293703 15.284094584173719 0
11.374848475155321 7.449480232225502 1
10.012541238611878 18.231975424396026 0
7.002391293977994 9.711817793132413 1
13.926511128862648 14.42543261337603 1
19.25605256237372 10.119695655694425 0
5.11364295628187 17.716292421291627 0
5.108228569468682 15.801943971203707 0
0.7448846060794101 9.801457182734147 0
6.46810647614217 9.304879609124825 1
1.1369530537188877 8.456494295349321 0
18.395206609794624 3.6174531055779813 0
9.598884521642184 19.25041588065548 0
6.293375342216034 18.995678262395785 0
17.99370903952655 12.503127352311719 0
18.52957374232385 13.783229426882427 0
4.038383055237064 6.312173144047534 0
2.661797689123373 12.509409251662326 0
17.785521204907763 5.410269866869815 0
6.767105592344214 15.462857013919448 0
17.51615145628635 18.656107970017246 0
12.761276611452146 3.691300398707671 0
9.533241473872236 10.51317727610073 1
12.199660738958375 12.444125363950562 1
18.153659476468555 14.514978301742026 0
18.319331962301334 2.710644718511883 0
8.404309538876776 10.226758767229002 1
18.293844212731788 6.3652282484887674 0
16.79707443357245 6.557883886392444 0
8.08197618276122 16.465025542393278 0
5.811187277414209 4.801659494378399 0
9.78139141839862 7.268402781654675 1
18.15845043821626 15.515638152971384 0
9.093056004408508 5.733523623219612 1
7.855033283132493 5.041886452355473 1
2.807567087579359 16.23905038690716 0
9.349111855602278 17.574704416278763 0
15.650243902433836 0.9330137705443509 0
10.743026138421751 19.926844550376106 0
8.401465421920726 10.800305820790541 1
17.390648669847494 12.577100880428194 0
17.824739984530613 10.996209518493849 0
0.06228370829085339 10.309680100860628 0
11.225318811200815 6.886222475468779 1
4.3763356380935425 12.100232619324887 0
5.474445763606237 8.772807971816903 1
0.3534108761597543 16.034989328087548 0
18.347140984527616 16.168205110873938 0
16.576597630062754 16.03063736660954 0
14.550089918857523 0.39370993487036987 0
17.029070002066568 5.958683495349042 0
9.55837657298093 14.37575347053935 1
19.909916029400353 7.134720935238683 0
19.968123383085707 9.017349804072381 0
7.426295692746507 14.290804224603292 1
14.613078382292684 0.07697817798856255 0
0.7439306670401447 8.669857961702917 0
19.002296668723236 8.35148907250881 0
16.862481927079337 9.099700103343372 0
15.363652232403807 4.908014909105843 0
18.50480812853614 14.717082926445158 0
16.63551559598282 1.7116677614833309 0
8.562221156498964 5.69713854023534 1
17.45307017109976 2.5835240098985057 0
12.140090822748862 15.724071394763172 0
9.347309223939437 19.154579942554424 0
12.584611863248847 12.24151716632674 1
12.901049801909348 10.226098877707127 1
3.14569595211033 13.79572211912704 0
3.4892264802266015 0.6216979278830581 0
16.657844660044553 19.90552129596028 0
15.46154615396552 10.922970977464793 1
17.549132382433086 0.30784788717987066 0
10.8498880907937 9.806473855329312 1
15.571946919179743 18.07444872958967 0
14.435689171402972 5.13938270226123 0
1.364439166293867 13.208338412209923 0
0.5421470561875186 17.77052403957964 0
4.908428221257594 2.6778825561242248 0
0.017161555676874496 4.824336740258614 0
15.762270910940705 17.457857868340366 0
17.51216811023049 0.6172290523652935 0
15.064161745539888 4.760178327886 0
17.93579209857495 17.288183798475437 0
11.37785005630872 7.473169171246412 1
14.241553288127172 4.294309635928437 0
18.12072217874682 5.339456105892387 0
15.728211827124742 19.72378178229496 0
3.190549317024496 6.123025830700167 0
17.695792474870895 10.033052127833743 0
11.182811749623278 7.408561541000223 1
14.328267159684078 1.037127084085876 0
5.63109798081161 13.259749168148618 1
17.966843130100294 2.84672513810716 0
1.9127777978444205 19.622372692790048 0
4.036434307664731 18.937824375355056 0
16.213603958741416 18.69792387981612 0
13.989916180050848 9.675888519922434 1
11.497647924470733 12.962276144627033 1
1.1385897187624483 13.846898201695588 0
5.3454953813944295 18.51520688379062 0
1.8187730720123585 5.885047872410172 0
10.282001606862206 15.609663436695937 1
12.006709500131683 9.038016687204205 1
17.739071380279455 15.434764729616434 0
10.704358502040446 19.59653792024377 0
1.3955483883464614 7.173104480696262 0
15.748220555671297 19.72092322565296 0
16.78507975897585 6.178009234472109 0
14.921799855463519 15.3993808612622 0
11.110491326622014 10.417175187363972 1
1.2378334046719242 17.038873687899226 0
11.365149355695905 11.676936577539772 1
12.571285101652505 17.605252804424516 0
7.437638139541532 12.144089156303634 1
12.016547900701518 8.954409344018469 1
8.344779637932637 9.20665036359355 1
6.308537869270205 12.616515342162062 1
16.430771816347367 6.737042607266311 0
0.21865883845035183 0.48106350010766574 0
16.35712080969434 5.002901132638932 0
1.3191886072707293 3.485420700971509 0
1.7941252316080725 8.4778595272374 0
1.086745420711035 17.521184445647243 0
10.575280223699766 9.434064078885562 1
3.673591432612182 6.123166220217984 0
12.317610497810064 4.896897014782555 1
17.21623590853443 6.695956036557833 0
11.75917010244778 6.117378392842894 1
0.7003327663989101 16.801817313399766 0
16.375988795127476 12.6032775194213 0
10.999679650991734 5.459078954759939 1
18.683249974490856 9.72949446282324 0
0.4483158733698245 7.219072177642378 0
1.7510305841867124 9.135767916886849 0
5.503884144522355 10.011976240874425 1
1.3462768451942808 13.241002693170403 0
0.11552608556824939 6.79277020357131 0
16.213028493988638 17.676606037710727 0
15.627837518199062 15.521624905955953 0
14.925891776991689 0.0609514288013302 0
18.29580971450403 18.30534184603287 0
9.219581111208688 17.999402805257002 0
17.03924483545176 9.926946782484155 0
10.536209543420355 10.792864673557993 1
2.198748590544002 5.356936600160072 0
0.7493556519522393 7.539299689715104 0
18.96199919743495 0.3618545115101468 0
1.624974776653394 4.434897558387181 0
10.972618725509143 8.01181670762718 1
7.273138703646646 18.97135534152341 0
3.2916912199009585 10.914556000406401 0
15.346515984933752 5.674893850304866 0
3.65073379074754 2.3119428239451834 0
6.631089214307606 3.30804291421525 0
14.848149310972191 9.05870062775838 1
16.32737992244172 4.677287525531238 0
1.4403000609677652 0.13571177960668868 0
5.851241087950161 0.8609237439875739 0
4.463111851435595 9.128103308888921 1
3.0243645517153683 6.116872272918323 0
13.37840490799646 16.576872240883013 0
15.662664670044455 13.20907014884484 0
1.432506819481445 13.38567705673906 0
19.61821714259865 9.236460390548167 0
0.4244886569236539 13.662198574445279 0
19.208657765945187 15.240038308259262 0
8.845616325853003 19.06838089973363 0
2.7176557920660183 19.831227203869698 0
14.383259265684494 14.323008390646413 0
4.8728247915952565 6.431921699035012 0
18.562690899458097 15.583710690295543 0
1.555987981389939 18.014520643240076 0
12.627209291934733 17.391193752139607 0
12.188149762380768 0.03337500837553353 0
16.82140288733744 12.78939306969969 0
10.290621039220436 13.05382399325003 1
3.575502486959281 13.939226019186313 0
5.034648942277156 16.59751322251873 0
1.7105987703381675 5.564839144316269 0
10.61136716080895 13.118529763253221 1
13.689783733914688 14.163918376446558 1
13.800418989984255 6.00720692729525 1
14.627212103468858 11.184691843714765 1
11.076063747439765 19.67674547243431 0
9.826824091813226 9.709273731654271 1
13.70311181338337 19.81746628109477 0
17.703827712119665 5.228341953189213 0
16.436839476523218 11.982977899227098 0
17.465208884449154 6.439418090463445 0
19.677386688469937 10.731900053150689 0
14.36544952251003 18.376941811308303 0
13.903341603942712 18.885438833092188 0
10.279984902209094 17.771267557342277 0
15.344099302417247 2.2263305660836896 0
9.22113943999875 3.417131188533711 0
14.773154646300119 8.263941991608172 1
7.90968455092605 0.6352000411832437 0
6.761644712949608 7.7286384215722626 1
0.9750825719929646 0.007192780953508837 0
8.345972989708695 15.751183420008193 1
3.799331221142379 12.163996015937457 0
11.360941923762839 10.67569684597823 1
4.140192402939835 4.108416549750729 0
3.7778642630655823 7.242185525145541 0
10.396214140456717 3.344210789361619 0
18.11431252773715 11.59956944373244 0
16.706506309147883 8.549615341969199 0
18.565132078403607 3.3561341898222974 0
15.481317317119672 15.699218389117748 0
0.6802504488382599 15.017483869134933 0
12.702531375858946 11.337630343701772 1
0.9158584141210602 13.076726690371029 0
17.97270825088547 19.687710834766253 0
15.94721289809579 5.5263767453639145 0
17.27860911191222 8.318601070614724 0
1.641056284089173 8.770684173030672 0
4.272903548058076 0.04243069138078148 0
11.492040976509513 9.553831813186356 1
14.125590040869138 7.792955282466871 1
12.238557479313394 6.9305949673443905 1
19.790309306150128 2.08870471107905 0
3.4368698182957114 16.18985754592965 0
5.410217605043506 6.330679688501515 1
18.208877334803542 16.629078074933275 0
14.587589560419282 4.749368736035075 0
2.582528784816096 14.892936598505841 0
5.488979599807015 7.242944734445633 1
0.8014815808004783 7.251487302806378 0
4.379766465880168 4.936585477311759 0
2.475428327432101 2.013155774275608 0
15.640645047394786 19.439827880405858 0
8.702610638948654 8.359825589989615 1
7.935230018086119 6.386280202262364 1
6.823651169833291 17.31315933822669 0
5.5893400991883 3.0271852270836974 0
18.53882547582379 16.78202662629193 0
4.129346593889702 5.91491009763388 0
18.23682670086673 11.358659644364932 0
19.34183705997707 13.143649942401508 0
6.797576837839802 9.828235182541993 1
0.044949428544176495 15.84884162968269 0
8.513830496169664 9.022866242663135 1
1.5110023374327586 2.772286039238856 0
1.4808085299357754 18.966186652287554 0
12.881761986213537 18.14396780567163 0
4.40635693191841 13.417726588981214 0
16.886455194456495 12.82441621632183 0
11.590876429218017 1.1026498413279429 0
18.191033363853542 19.93655983538637 0
7.16969894185266 18.577542353454767 0
10.02566079120629 17.156050982716657 0
11.366433205664277 18.40088356807289 0
7.303973206494174 9.000097677642447 1
3.119487736967197 11.249385071442813 0
4.75736510038145 4.83983666413764 0
10.07078544529847 9.56344042757368 1
0.11389402584698782 6.6484098341939895 0
15.995021916586015 0.08628761424046782 0
8.936282656553463 16.0564860682518 0
16.05798686198331 3.3785753545440667 0
19.25847283046627 1.203249567874911 0
4.055722675206899 15.607089220159327 0
2.792828008024364 9.049531979432023 0
17.193949624482944 7.359680357273106 0
7.719875384478387 3.996973580984946 0
4.44133641113554 19.870255042479066 0
5.10831578692369 4.836248777671964 0
7.8715350522952 11.931225365649063 1
17.608366818288808 18.32347071007206 0
14.859865208981624 18.807634991815004 0
11.321376957789845 6.4260286390152155 1
16.63841341104161 6.321723602670907 0
5.6180087678359065 0.141904271544544 0
2.699972559733781 18.253707795451383 0
16.44914872272892 5.443507970921275 0
3.817670783433458 6.634463294763608 0
11.088534414911948 6.312550362755795 1
7.210912572891179 7.943417045628049 1
9.167069666576232 18.608685232220274 0
9.23323934079985 11.073464010405283 1
3.82226637870569 11.457174633406153 0
11.482955071441705 18.121625585128378 0
4.745335350595479 15.514044247583964 0
6.750455966283959 6.922432555535303 1
12.017362369862465 14.317605585380113 1
11.884382734930574 0.4550584705039018 0
15.631503131981697 4.891823250106267 0
13.296242779382915 14.234972619457647 1
12.997979299580987 17.714984195641904 0
18.23901048796095 2.976637600203089 0
4.112483757852088 9.504625129023992 1
0.4915333372452002 0.012178276575778302 0
5.562897854297855 7.942025853155686 1
2.183056882197816 3.024861906239975 0
1.6691638843171064 9.514214154371308 0
18.365956426346905 13.577829156226873 0
4.003311667838383 4.286056287584952 0
0.24876790564459128 6.120907443971955 0
14.00122111260724 15.769816727304168 0
7.212506178669605 10.429941292123486 1
17.4408794248146 14.803437638725063 0
14.657773871695836 1.5056489680724061 0
6.345900155279416 17.883681000157313 0
13.963196123189704 10.38696808804761 1
15.549660314327902 1.1407224522843151 0
2.591449720001313 5.623500682585519 0
17.7285469400654 14.501378102293021 0
16.38147028068947 9.280829976292331 0
16.865153930988196 14.817715430725407 0
2.6094717114731036 15.135339769227942 0
12.329689768342027 0.4818462075919405 0
2.755907320704054 9.950158763677736 0
16.860715397844356 6.169837366527771 0
0.26303353411613273 16.33836580858198 0
18.051795038519604 17.733784317097125 0
16.655156040030068 17.212563860188375 0
7.237152547588308 15.611548986421761 0
6.31829706586813 15.007608981690213 0
1.9155091213018172 10.13331190213499 0
6.622180369608596 5.63947373821251 1
5.520396071525145 16.93431481114044 0
17.65397836824199 2.3169259733613723 0
10.143925871297112 6.745730602581896 1
6.866871609788769 17.654025252177192 0
5.5773376106376755 14.855891989619439 0
9.924052596723786 4.01012787075349 1
5.459432562986368 15.005789703027823 0
16.025479935683165 12.680394991281718 0
10.399440444280385 3.9705257578408992 0
6.535969767907299 5.782665860360082 1
7.618085456727755 5.935460364465433 1
13.086509132499318 6.538271128287891 1
3.929381341963072 15.73042251842801 0
9.734992322402082 10.895541415457918 1
16.347968279409073 14.681701216026848 0
14.334754270828922 14.45767439483804 0
15.3301162331734 3.9052279292294956 0
6.609453794541689 5.387008063368155 1
8.98133389800196 14.240715655877207 1
13.786732982050323 5.593189203856075 1
6.72312201565097 6.4215980722264 1
3.905460730634842 12.244293458834255 0
12.19658661053592 0.5286435902408115 0
2.944880017172966 0.9767073071018251 0
5.680530478157763 8.408046473474338 1
12.720599857563402 8.658316646618252 1
8.204363285390171 4.242603418595248 0
9.82570124865534 3.6695925528812157 0
0.4183768637493679 3.961810663565102 0
15.328931140736904 17.205658920543154 0
1.7202705794192852 9.217963900997185 0
17.58305197758165 7.007971389250014 0
5.994562800543224 4.617026154769171 0
14.629127971494285 4.32595319095242 0
18.24967048689009 3.094115398333559 0
9.303740931862105 18.645129794587863 0
11.615420106282375 7.518110518293493 1
9.094315062874745 4.324783541699258 1
9.498034116337372 4.534852548883248 1
2.8518722467249025 11.740621352949246 0
16.543459730006063 5.545264165717101 0
0.45987824094295693 6.578274556896835 0
3.313646397046881 1.869994918304585 0
5.057625009260665 7.729282232924374 1
13.19343252485858 15.103338812088063 0
1.0610882325821391 16.503459801519604 0
11.679520601077646 9.8514104920042 1
16.245023190312843 13.06775416718793 0
5.122427569877621 13.268699281473339 1
5.808981704520731 12.99369134580336 1
14.810415647188293 16.52949782363686 0
17.087976114667896 3.910522283452138 0
12.711411945079377 0.20653394369261946 0
15.333575752934312 18.812085875180706 0
2.4172064517281977 12.900637696635773 0
15.599593397023064 7.767806625473892 0
3.298319365943514 18.90411109873928 0
11.05049584801565 3.4945599544260775 0
6.990804403714501 12.180284030137969 1
3.350634689042409 14.680039241051094 0
5.151426593878925 10.809866446477802 1
7.8768928719770415 4.073248530310096 0
17.35436185987504 8.167427260618272 0
0.8606897837701677 13.347101002460793 0
3.8863076698210164 18.78871216017301 0
1.4908005261063262 7.297720919992368 0
8.8472107400686 8.737104769436765 1
16.199098975122826 11.949276528641775 0
7.544057063948706 1.7607194302720575 0
15.357753597783967 11.365420279160592 1
17.54427672529364 13.935369241244416 0
10.248686129188734 10.96371050582803 1
4.103606216415294 11.67323352987565 0
15.466787162448387 2.1884998209537843 0
0.7961286322155958 13.145206105392555 0
1.3955960244938481 9.81588148816681 0
6.931889624481908 19.843884410081824 0
5.965032102407148 12.619153885525433 1
3.934851132207471 16.57771821818917 0
13.711586217945044 1.3473618100132412 0
16.061162749981253 10.33517458836659 0
9.975377543368891 16.00546779866435 0
5.691376826171766 12.27177650201067 1
10.691556852597179 18.586441227301254 0
6.226154499259144 7.498338784060401 1
16.872219694724023 1.197115615593034 0
5.824546976373752 7.323915608302258 1
12.81271082618737 19.016232990048575 0
10.600200609742604 12.270993391229869 1
19.01814990149553 11.174931053428834 0
10.652868567249765 10.492414390499086 1
7.95818059385788 5.3120103519120265 1
4.9790604196076345 1.9522021555595082 0
15.953413552070915 0.3930238207886516 0
5.854381922422838 3.2227157249019855 0
14.946811139533159 5.346956092714336 0
9.275248712680694 14.078209669726998 1
16.364434137026407 14.577791237880618 0
16.796843473679957 16.977999331953058 0
3.129199193989458 19.050170823098075 0
14.823964427062258 7.5631807871146535 1
14.618146234989931 16.60030429306932 0
7.946449683159216 13.868822165688082 1
1.4018904608853089 2.227822098868435 0
7.564887450541349 16.09916814098545 0
16.270125841003352 3.744658854737646 0
6.3273246838427655 17.98290179775018 0
0.554029023609377 17.07052178415416 0
11.331928624688473 10.158549559476263 1
6.631686687316078 5.604891671401919 1
11.607050742934561 10.11413184441016 1
5.497054351533544 9.049260586185435 1
9.936872030760735 9.252313594632557 1
19.037499936303647 8.260090402149707 0
17.477226157223168 5.77544958852191 0
13.066951199853317 17.17390598493072 0
3.4010028209381327 4.420777080285328 0
16.613130332538233 7.173628305808533 0
7.701004032644077 12.061718654876309 1
10.623434177270795 13.859402046486316 1
16.530834666742418 5.785989962533195 0
16.68648903630827 15.153079546794723 0
14.65200713507468 13.685120185364465 1
0.6090599773038985 8.34920011977778 0
5.947133119637 6.5658661876696245 1
7.312499016971142 13.108280563314405 1
11.015061156677115 11.44042306186315 1
6.205900510872178 11.693643968794307 1
3.3315002230405133 7.719762221669974 0
9.339433593487223 3.9834633928807706 0
4.955203997513311 7.39779912535348 1
18.644538789207004 19.054446286705428 0
7.644547065411464 1.6416994854506117 0
14.536722110908517 18.107601334252287 0
1.653203922052029 14.38753707537465 0
4.712046160670498 0.09193850834293249 0
15.313886897697381 10.064617204989387 1
4.781496159892098 4.834470758072358 0
14.764531800378048 7.29502979167048 1
7.612487699658306 13.203860909242938 1
16.136338139119644 12.859371242463117 0
10.123652052420152 18.620787945462396 0
6.1852049978780315 14.6235050051401 1
12.973258113470843 1.038700709478002 0
10.1171817392753 17.39366895569801 0
14.395804069221711 15.457951946712958 0
13.457661546975384 6.045211777111783 1
13.629100266104325 19.045089560242605 0
6.383405360405289 17.974126374134652 0
1.1832309310214972 11.415641220849036 0
16.969865940111642 19.8470181168123 0
12.161677132387037 5.714330681680075 1
7.473302808659017 11.073117304200547 1
16.67842870488378 13.280266545707418 0
19.015292387894547 6.105043143522599 0
17.078194962681163 6.718223733511071 0
13.35402854559485 17.70661974847973 0
9.859832740936806 12.600855035106786 1
0.11993227136718021 7.684931066873424 0
14.520633942285366 13.066678746202667 1
3.886017724580937 16.109459438754364 0
17.699641083485687 15.029919568520576 0
2.5497553523041905 12.143586665783983 0
3.763186381245718 2.0244069611392557 0
5.223530577034037 15.188276320757634 0
10.751353172919472 11.276184114116454 1
0.5820701820696095 16.08157367643848 0
2.7494519800284856 6.580178519988982 0
11.06919985458536 1.264323898844646 0
13.966397099212351 7.019716201582353 1
15.37805454583049 1.742440914657375 0
4.110447166795598 18.804747079568486 0
16.51667173947729 2.1254226927824926 0
12.452484725708473 4.318607831094663 0
15.470332643147078 6.4517556446754565 0
18.19684204470561 19.859895666243006 0
4.949295524696167 7.607520231704649 1
9.516385804119501 5.777132945752175 1
17.586992196153975 2.276157155952765 0
0.5041077698876806 6.307645262222438 0
10.362241128168781 1.0749634837586175 0
3.601866446510089 15.53920377670801 0
18.53702223070792 1.0045287659710445 0
13.662066640441648 5.39687649469686 1
5.363809514495285 14.074721060637085 0
0.08028860745214583 4.9926166011686295 0
3.788904508944364 3.9357004889358937 0
18.200573477843232 10.083762031281163 0
13.884349541389994 6.660150074323459 1
16.485093928159774 11.83083261225592 0
6.646571476778782 12.76293855130289 1
5.118059727838647 14.862718741873469 0
0.996939485587014 17.896219592587585 0
7.6320064088399375 3.8937774728072183 0
0.6675712537155598 4.7317735169785475 0
0.40201747310148583 16.505854843548754 0
8.243274994507937 5.883054633554399 1
15.658730971054062 19.193121584312646 0
9.255244860338884 5.820170352966478 1
7.74388832745553 18.113724619425714 0
16.980810742195512 17.87520682750343 0
15.962971530934034 1.9044149455212311 0
1.9819287497255078 18.25087942118018 0
1.0605080472516626 12.80906580462161 0
18.656459388816703 6.5099794448501624 0
4.873541870256668 16.312999280233893 0
0.34725353498624933 2.6004852917451426 0
3.843686979807872 14.804231950221476 0
6.783031215554072 3.021940471737712 0
2.234684847354147 17.486244996374488 0
10.858553327187483 8.943044172267955 1
7.143998478877574 1.2179238497427303 0
15.975290335339912 8.307847871023235 0
14.52382525430103 4.6437322246046815 0
0.00155201074338418 8.056082465983325 0
11.088024851471065 9.19357885538945 1
11.874387242238246 15.19533651150481 1
3.950025057155331 12.790744027971662 0
11.169581733767199 0.5306398411042879 0
11.87817810795577 19.16129413325028 0
16.00030594838492 6.2854421761203945 0
12.083014232377426 5.333411314587668 1
2.8309559350908997 19.719537598964006 0
16.809753557779977 15.052400238062075 0
5.707545133533358 5.0345897276646 0
5.426552636582615 16.903253951358042 0
7.614635680940243 16.50185170500158 0
11.952845816938755 0.8143328922895199 0
13.28253155776025 17.54633830229722 0
13.15991929996105 0.8456341138851653 0
12.985534639674261 8.84905914897309 1
12.200602300679355 15.911046277727479 0
4.47646517349638 19.898759550282705 0
2.3267610530004146 4.4446060988376 0
17.163905374400954 9.494318060270784 0
12.852192817031849 5.101839609612016 1
10.517712965480916 13.814040206099435 1
18.95073896882653 9.849152232880822 0
5.960934805308242 1.3194865451768045 0
5.286491040078401 17.909833420934874 0
2.634681790736104 18.933155483098922 0
11.79643225133667 17.995762725809172 0
15.644621656600803 0.5115775245453502 0
3.444923552966761 14.109716258438906 0
3.217432649543117 6.177335574662697 0
2.0179820676094606 10.53192018038003 0
15.448726436882836 12.304235961244661 1
11.764429282791234 15.874191547382122 0
16.645936815516354 4.665966426757551 0
9.692503746045436 0.7140806657825127 0
11.19417448473868 15.245317070383525 1
10.633114157905458 11.656108302933006 1
14.363042596102622 10.089589539711772 1
1.0367927307190539 3.433003219687747 0
1.9397958055122966 12.436488434745394 0
3.2379690516606185 19.034144355641846 0
5.030417782011325 4.798776263192797 0
5.856973565791527 10.84032276164862 1
15.422837507184195 11.535089967193153 1
12.121734785000783 6.350932214193367 1
4.989221811195749 11.127852742452633 1
6.356396078440971 3.5772066641656597 0
17.120938954998127 4.302838931358417 0
2.433769452001222 7.3206254927531305 0
13.507316558629599 2.9523606254612966 0
8.43522205988708 14.71728587105744 1
4.3205477273702115 0.9930199491619129 0
6.229741979419776 17.50400623370409 0
2.703011606008634 19.510704810272756 0
15.680238143333302 3.5412366759262293 0
17.41330390313565 18.56601041021784 0
0.5510569701174362 13.598082907945761 0
0.27993011832390113 17.735899938850302 0
3.1012356160521803 13.612711977691072 0
9.013766507083966 12.532744808609786 1
10.905858283209454 4.3926253469542225 1
9.370902851574723 3.4857323925258688 0
0.027704749331820544 9.388249246086795 0
19.649769834564612 12.514956550438 0
11.239178690267 19.833704128190043 0
0.18430615792386362 3.366640122901974 0
5.0331256804081725 19.569306832169147 0
15.073386849090635 13.219127596568148 0
0.8464240644897192 3.9614367163727704 0
5.841723232196873 13.50723208612218 1
14.774427202962856 10.490394628244053 1
16.753611768560276 0.6432494296916369 0
13.471278854366151 9.116367565754723 1
10.13101644977161 15.605086771316369 1
9.616363022034285 2.492018188320433 0
11.49584353627745 13.457115337062609 1
13.374425037418561 0.7152307362176846 0
0.022495096160226602 5.345677767496834 0
0.2010538678464613 9.566280716265611 0
3.789338817041983 1.0971552266730877 0
14.329257785420511 14.983019741530889 0
7.411835392150492 8.826768875744586 1
10.978472498466827 5.947976673315218 1
15.920589544957489 10.352338439788227 1
12.670722617493988 9.649443401035633 1
17.63262126670114 14.573760805650345 0
8.539920875026393 0.2133828930259285 0
12.575222975902612 19.47651562584842 0
3.3400042924073237 16.845054454110613 0
10.43687652939319 10.444190447851053 1
4.327238872366992 7.522127117214776 0
18.78924126501646 3.206009983781979 0
6.55935754883197 19.314013314366612 0
19.59756774316509 16.991989495437412 0
7.758766927676126 18.49724963982802 0
1.4131017911494692 13.09103783688101 0
5.721932394200186 18.49080606604431 0
11.742688531137935 11.21832644706926 1
0.07405630402454122 14.200974244633107 0
16.671368150223437 1.4374876665141523 0
11.740715553005078 10.799450870202083 1
2.4247415474233236 7.69512173180636 0
4.380722156396923 11.365421673784269 1
7.191264028803954 11.195899619929591 1
5.163969048576041 11.688042321122097 1
1.5987342770156987 11.335162524672395 0
11.643279495875367 5.410398418755591 1
18.18900736639154 3.7151260618532733 0
18.41371422803429 16.09793632086558 0
10.261305950010051 9.72092845758601 1
16.418800418112706 4.0376091148567195 0
4.711846210639454 10.758433711453375 1
12.385867256644136 15.927693760578343 0
3.271191416551733 6.414682779337908 0
5.9722270414360885 16.674482409217653 0
8.420575304295848 10.626863513815115 1
14.806017949490236 2.148219022606468 0
1.1791413044373233 19.31989742493078 0
6.536116324333778 16.078097108760087 0
6.22295416942041 2.388260258103041 0
13.590150082787531 16.68835442689619 0
11.572486876146593 13.340539181926644 1
0.9377001504342952 10.011905717034498 0
2.088659032464135 14.929418512681401 0
8.63329481257354 19.02114684745517 0
9.73333880436978 17.903899751203582 0
4.0579287289188155 10.348827429657337 1
17.826420586542188 19.80610988818038 0
2.4179245860867637 4.9127878514255 0
18.676286870129097 0.39542674494896124 0
17.70793854261635 3.771920864874554 0
14.34553009660493 19.42340867807699 0
3.8416601740553946 14.281663053097395 0
7.265305805580207 7.129655574361751 1
1.4022549835596054 0.9109089093206468 0
6.9785657278649555 14.743145347115949 1
18.708559785248244 10.380643195729027 0
0.4120864598912011 2.0170567801687156 0
9.682384579201447 0.8583286292222736 0
3.214021591957963 3.7435963970419883 0
18.543808780948474 18.31920555146986 0
7.842480749753955 4.221311661599825 0
3.6627188136890787 1.242338280222599 0
11.578406912121153 11.338895655399785 1
4.010346827227367 5.152513293756504 0
17.13988960100284 2.771056574530373 0
9.874746776449665 7.261807987369262 1
7.696240820774469 3.8518824488938086 0
7.060395252884066 13.05738310368345 1
4.608182768781306 5.577009560515247 0
12.628472908709135 2.9575613640955667 0
10.280960232469079 8.293747880980266 1
4.37590160692384 14.952874243769791 0
13.677238573158562 19.318253378694703 0
17.170373311122468 17.5926572048599 0
12.812195016049115 4.179203247965657 0
18.424587121362563 13.270514064222724 0
3.533302289935032 12.115268917354193 0
12.88011221919685 2.301256020335547 0
8.938697689097573 9.282374082781956 1
19.762199386728255 0.3725091193533947 0
4.075594247527146 3.6821698923367374 0
14.043988371228371 5.5193630234490465 0
12.07046702598612 10.09907295163562 1
2.2363993299161278 10.133121220786602 0
10.57728075676205 8.986310976182603 1
6.004261290217274 14.33678006473336 1
12.148710816339134 17.81455443563837 0
8.967092582487323 0.30577022507318086 0
17.850798623241403 12.32311292852305 0
3.7985304912928264 9.081417395703447 0
7.516406951237203 10.803377226657622 1
0.34764140037873315 8.930380456820373 0
18.686395454446316 12.392002865598343 0
0.30893202514052476 11.733257541300997 0
4.824111943717875 13.116296097787163 0
18.742160615100488 3.256654353790802 0
18.283269351494024 5.95174903368452 0
8.920063356628425 19.03082480448713 0
12.409353538857104 12.186631108482569 1
2.1209973954703276 7.519294402505756 0
13.90938277705595 1.3200375525302777 0
15.22266216716196 4.118217588219226 0
17.935010875106766 2.8010851620191457 0
2.152061088909183 2.702099852626225 0
5.15675124862657 2.049011180105982 0
16.056415674439293 11.693431680991036 0
10.94971949774077 4.218442050871598 1
1.7561543474569774 12.053695490526511 0
11.885582935175641 2.5887699480382764 0
3.567607771213892 13.299390867282298 0
17.151753535356114 11.738748921973102 0
9.45806178051426 6.2755579967340624 1
3.8691564848017546 14.832674569536923 0
7.715459215661358 7.864907140708038 1
15.202364470230986 19.577775336684255 0
1.3195510269317379 14.164664879820974 0
12.189812386450818 18.78709826779801 0
8.441918341336558 7.629852663150745 1
13.454973142897579 1.3837096176063146 0
0.677642537000005 6.130417380504469 0
16.383154176469684 19.149721148121454 0
19.888234375243012 19.378389821080567 0
11.12443310809823 17.758561776132396 0
3.020381441709128 8.00183334668284 0
0.035036790755824665 19.739911012920352 0
11.646100899322535 8.65861375817385 1
6.671524544954941 2.942214707643327 0
15.905116917041331 13.572119661070186 0
13.85063880608272 16.735386418760314 0
9.19265487662328 3.445991240231865 0
6.378472856434505 10.510602135153507 1
18.095712849551727 2.4754583698337074 0
0.24249300857537515 18.697148288320957 0
2.2123500397374296 13.5800152775713 0
7.812476448185722 13.740189349960302 1
2.480103877262576 7.199739957742235 0
4.544036275074053 19.04989831133324 0
8.400864747472571 13.46343785136044 1
13.810654592778917 16.02510382402742 0
11.630716497028677 8.716096934710105 1
11.542911627985033 2.2440680428400794 0
6.302644680667864 15.018151885284032 0
1.7838105518132785 19.501238368283595 0
7.815874628840147 16.457009606469008 0
7.0906295295364785 7.021071532335577 1
5.427243118709901 3.5064812014905122 0
15.990689985881286 13.971169667396417 0
4.255588055048422 1.2612548455088057 0
7.69129740125557 18.524286623013932 0
0.12289157514602911 7.270995299207772 0
1.3174785651719811 1.2850377267299984 0
1.3362355130110637 16.19406231166365 0
9.752243089918123 10.629623147894591 1
15.47298380755726 10.200848360651534 1
16.038462203289768 11.08930665241746 0
2.0905164705282497 15.758748365721702 0
15.445105731169127 14.145625599403385 0
4.9407658293216405 12.216784296713408 1
18.164198808170553 0.7903788467769113 0
15.380679729738432 19.163628212856135 0
10.496328866744697 7.555095005805049 1
8.528249362237796 11.60224438928065 1
1.3601795040695208 3.915432534933314 0
15.583672594270357 16.98589528394695 0
0.7826891560932236 5.896009068524142 0
8.598981691498073 9.232494145363436 1
11.943176748895457 11.185567496741928 1
9.306608216051826 2.154287540090063 0
8.048244752040471 16.379104438758304 0
19.066902113395994 16.000289535064717 0
12.028062454624745 12.326871455165996 1
18.040670885319273 17.195228368471085 0
14.605472754558999 1.5498644641613502 0
2.394159341640907 5.089436225749 0
1.0359404258710936 13.462168100972924 0
16.130216231837423 1.9604554830570775 0
0.5408963817173174 12.20443034098711 0
2.7719141227840316 15.354286884427788 0
3.6257910323326437 11.61245397570498 0
1.227212470815644 6.219348027731355 0
1.8469102888012157 12.251881803938424 0
14.19167599274737 11.237024419391389 1
4.450883013163757 18.478618623830666 0
1.125225538578416 4.256416272001891 0
15.202601164558356 1.338486490561348 0
17.96776593606345 8.598958279741407 0
4.705891321101589 9.471834778179806 1
7.1424094886320315 17.6823931825282 0
18.39308514189922 19.251632225980874 0
17.238723466538257 2.205428973127219 0
19.46107339421944 8.52436683296103 0
10.801808918162406 12.547184582049507 1
11.33080429548517 8.757368804970774 1
19.459117426190463 13.594669421390995 0
9.825006161834168 11.140587344104256 1
13.698664244596987 4.3329202676843686 0
14.774896905585713 8.793649075924925 1
3.5691517311357868 18.604857355401805 0
1.082602537369357 11.165267562267626 0
11.65498984279263 14.058877562555361 1
7.652982797450969 7.4602741524624445 1
1.9480476266522695 16.826224469271263 0
10.961872281205824 0.5295945165325611 0
17.876896395520284 13.522913648044073 0
9.080998905246975 13.52700922132987 1
9.98857566861805 9.333036553179406 1
16.795871347647335 8.418578813048425 0
7.759843241331588 3.53091894417799 0
9.818140323992289 15.43410455412805 1
13.848456811383802 1.8352264912373295 0
6.3716606859126745 18.43420192168384 0
19.166856625890315 17.926672374381013 0
0.4213354331330521 11.734566934667612 0
9.347684463696066 18.506065977967594 0
2.8029192844522544 11.24560306848754 0
5.642269857934554 8.94469428755521 1
8.592316787280998 10.29233279807464 1
0.5457229854921741 8.690316491717358 0
