13.247823419634198 11.839809538530229 1 
5.807934240063926 12.132846988170026 1 
8.610058031148002 18.449760228749366 0 
0.6095357323889772 4.2009926013820404 0 
19.753713804576496 1.8189353179877576 0 
9.137923524077657 10.413778424182103 1 
2.430322834650167 16.00885906948391 0 
2.739889096062156 1.1978908092474194 0 
19.676667887513048 19.698708019854454 0 
14.132881812185804 7.282374391676734 1 
9.61737188402976 7.2714476964535235 1 
7.665962121663297 10.372265494520565 1 
15.957636446128614 10.946512584873 0 
2.282084699250293 5.260046485019956 0 
4.870489935257096 6.502466985204006 0 
1.2964770516352808 4.923092530665247 0 
6.7084177595309 13.22926872450086 1 
11.876756747040966 9.53247156694899 1 
19.486476984169126 0.2208087570222661 0 
9.848711904618774 18.271190467156156 0 
7.5109188694297995 16.21095448831039 0 
9.04288748258538 4.518429296550995 1 
13.304067723636262 5.708305160300762 1 
5.257776906693781 4.215818324702449 0 
9.037764815878194 1.9749097746037836 0 
1.0446486456351467 14.330234898740743 0 
11.12975847211567 3.8996489188547945 0 
18.833543795746262 10.030621612260177 0 
2.2973097199494297 1.3583979460237061 0 
9.34113495326171 4.0125517390876375 0 
12.806678609817173 0.0839795341221472 0 
11.97158947244982 1.5372875051161605 0 
5.29391063313335 10.327661040108167 1 
16.895255867136775 8.489036506776289 0 
4.426063962612671 12.684851958636438 0 
4.291816274815307 10.357914158440689 1 
14.704656749725588 10.245818970032062 1 
18.62091182108159 12.304812772444594 0 
17.562675171466097 4.935292774967033 0 
7.513906029858976 2.4863793183539484 0 
0.37684166173890477 19.14228555669189 0 
2.4119028077203986 4.232713196700182 0 
18.641499077129872 14.832307891144973 0 
6.491292567649163 13.096001866598748 1 
10.354953860021256 4.075220459004494 1 
19.790174187651385 18.51283227267143 0 
13.329004226989005 5.884461821310905 1 
16.913108941458802 11.19182011831752 0 
18.71215489733101 17.002108772329436 0 
6.489343893584625 5.662867615725364 1 
1.6283359017509325 10.560648588388041 0 
12.52559798260088 8.151628309560806 1 
8.491589634554419 7.4850610405146085 1 
14.345312097932275 18.34474575714212 0 
3.9047301028535597 5.147916107520838 0 
9.23844113528078 14.192887730216095 1 
11.35616995975893 19.310553130228353 0 
18.798615622527045 16.280940093344775 0 
7.419990723928482 18.96330180060412 0 
13.00989443126028 17.2994179499415 0 
16.495224315892763 4.269766098523613 0 
19.809144376267852 5.016919915125408 0 
15.332538767222507 15.924169992969668 0 
12.540123830234451 4.121993546717693 0 
18.95030749445172 7.673480681795946 0 
6.21925921090404 0.16980458557327882 0 
3.454333297257195 6.861656542154573 0 
1.7427104981772379 1.9210720872912224 0 
17.23651873848995 4.909770142550149 0 
11.951710042563901 18.73418131146228 0 
0.5025998251886943 5.684549241771267 0 
15.643475906677375 19.335571548603955 0 
7.509028860681406 3.0963060348283866 0 
16.805221208355885 4.080284134276868 0 
7.85123667746994 4.114862548380338 0 
12.655100828729358 2.2630672267916263 0 
12.875237289306096 0.3021425410516754 0 
4.910589538789772 1.025249625871858 0 
3.421291946216749 12.253738077214397 0 
4.837349265797178 14.19061093703663 0 
12.658431524571917 10.148886211068506 1 
0.12727825183715957 14.760109749577516 0 
14.685592568438544 13.305974612090793 1 
15.458357870775831 15.528909482307645 0 
16.905097272959168 5.582427217663466 0 
0.2515523346578741 13.904582597599923 0 
14.067801129006316 8.42864449752087 1 
5.197924754685815 5.075423239420076 0 
13.41369602637843 14.639890863417355 1 
12.975727303745398 12.204882787530094 1 
15.956071409302798 0.9000334590880232 0 
17.03490128093059 2.702341234482639 0 
18.801095461929375 8.025020392825038 0 
8.18248702533636 17.718345990749587 0 
17.45267891478525 11.920798390635701 0 
9.087459457464746 19.405661946497993 0 
4.1437811954225285 11.395952698020997 0 
3.8364046971461163 9.972756205812273 0 
4.799250196166089 4.422472373578898 0 
10.672691181089684 16.171286423175772 0 
6.0481818413797805 19.43698835236683 0 
10.726186653734116 11.309721688594713 1 
16.8285026159124 2.245172541678857 0 
3.1187569989935704 15.632801068915303 0 
19.36205314992946 11.751240142225646 0 
11.169554553785257 15.226843333484974 1 
5.400580461291189 3.2424149350044007 0 
11.83416120733299 1.8545328788743998 0 
12.618763919171219 5.16270085396441 1 
13.512947562704785 14.306390170813469 1 
7.896889122629767 10.01804243755495 1 
18.222242973840757 10.232937472316074 0 
11.108528142661909 15.973800411657159 0 
11.427465457561567 14.60065380395109 1 
15.669567173433887 8.826002499618182 1 
18.049435134272127 2.469547694662859 0 
18.34903637546677 4.272672060182376 0 
18.738892038170164 17.45095908216993 0 
17.593203310567024 14.116297736323881 0 
18.78787087912947 7.259767986032819 0 
5.096571157389405 19.366739494698773 0 
2.4857689979500175 7.324972784724482 0 
1.456841100113928 7.146728080902969 0 
14.974077934522757 11.419289351980105 1 
5.850816209942455 9.602783953763081 1 
4.744539731605455 13.762328714949641 0 
19.705746604689885 15.460718147348729 0 
2.782007373884008 11.318445543969665 0 
15.306913760502592 16.76296967741381 0 
13.620246453652776 0.7815114882467622 0 
7.4845815932694615 15.235082651957645 1 
5.387407087856511 17.44590134116451 0 
1.048330947915892 6.977164783980008 0 
5.3038053556873965 14.538604063210359 0 
18.480787771797605 10.576530692285282 0 
12.780911192971905 15.161478265180904 1 
10.062084381551557 10.424257182311258 1 
10.063421835685805 18.165779012306373 0 
17.097520408134624 0.7490890386642235 0 
9.58100327325461 2.273971353676183 0 
15.00320166566918 6.406339908709324 0 
17.561886367671782 19.08209425265849 0 
5.313381617930004 13.605443537815686 1 
0.8450329412372848 16.188948584211076 0 
18.189833704836193 18.72723797807214 0 
18.683452453750604 10.164274155846346 0 
3.9507875840390194 17.053532474835357 0 
15.756788680056763 0.6147126806805869 0 
14.49313586080073 11.128631413096517 1 
15.89253126942705 16.885610560378616 0 
3.355083992959924 7.641387321098845 0 
8.190976011241416 15.07828364480731 1 
4.511863219294236 6.474311524968 0 
11.398297330411182 10.157330405198838 1 
5.179373000887056 16.596906723846296 0 
3.6600388377400117 13.447671456374874 0 
8.580902329522615 11.705413014360142 1 
9.299408213751338 12.965480251276485 1 
13.27782419624527 19.955110307791767 0 
18.27754708613896 6.019703559671299 0 
7.422114321313007 16.485651614354598 0 
16.03270828766214 3.0834200837304215 0 
0.7165232695115109 17.95766100619637 0 
1.0805335228476465 12.901764367477668 0 
14.133678533920055 1.035366451075821 0 
18.819127427682552 14.77742738094049 0 
16.812731100996725 18.662477178941046 0 
1.3248399703943181 14.71828197670537 0 
13.506913393236633 4.4613983626475 0 
0.7814541446691115 4.698653361102743 0 
13.754811840015122 18.668528101085307 0 
6.953682544070084 3.68563057248543 0 
12.733200123293447 12.796536377462244 1 
18.922514202082315 3.216331623992623 0 
1.7428416599386676 7.871961511750875 0 
6.00585244511314 18.4371719893749 0 
4.04867667682155 17.08481120746001 0 
5.676393949335288 17.79664087213362 0 
4.788600320119405 1.5213433525913067 0 
13.201515444202487 14.396673304496371 1 
8.048218613287663 7.905039478605587 1 
8.521559962645583 4.274397560695071 1 
19.27707788400452 7.156383974761999 0 
16.053090261450855 10.008086725159055 0 
9.60228855438584 8.672215830124026 1 
11.300050369611485 14.859530136747079 1 
8.780779850698682 7.258152334810937 1 
12.433365367407713 4.700700591576954 1 
6.468886430477784 11.761900139660103 1 
2.02952547365981 12.848440710696753 0 
8.971791126192773 1.4036640928388855 0 
16.721571314623993 4.189511776087842 0 
10.694561232974138 9.205090737913064 1 
3.4118081737688932 11.273229389044152 0 
9.505333847451496 7.139155200542568 1 
11.796273438113447 18.81141611578991 0 
4.1192430229906485 1.940425308644702 0 
11.97743113302586 13.24240097150434 1 
3.2173291484248923 16.333253219044618 0 
12.31825872908644 18.824780021338718 0 
4.59265041012787 15.727498036507521 0 
14.687954950145723 2.0927557917214323 0 
16.369187598637073 8.607860668859537 0 
15.793648801255465 8.966020861839787 1 
8.03990088243853 3.8082276467597054 0 
6.915639869533001 14.64918838401057 1 
0.48672718873576937 9.684456714545359 0 
12.697837127779506 19.60151597967919 0 
17.078403873748364 7.983759326735109 0 
8.283942703610785 7.95094960140398 1 
10.279820161378188 18.982823252977578 0 
8.98600859240843 4.397284996643343 1 
1.3302403239897886 11.149981581767797 0 
2.552262761562143 12.461013942364048 0 
2.6330084803410414 1.770075239605431 0 
16.12736908753336 6.694796674829487 0 
7.948878447059229 15.848479707956562 0 
19.77386471147556 9.110007759354662 0 
7.8745380510246665 8.595068458815408 1 
8.750435081539095 13.382601367999019 1 
5.671448168489799 9.848967513519238 1 
7.9531215065764 16.742631880952935 0 
0.11745173892051541 13.163637324704482 0 
13.300563353724204 2.70209682476118 0 
18.417114707183494 2.090529286082372 0 
17.425966461338675 13.693444674950308 0 
1.7725468486506624 1.8186308507816284 0 
3.772352148672853 7.416633878507513 0 
14.930303075978342 13.140097036579085 1 
15.516826624566322 14.26587574593375 0 
6.695573672700217 7.657525556664382 1 
8.354886871296765 12.685305459446868 1 
16.37703685733927 16.35282753507467 0 
5.251109751239486 0.7096280505341257 0 
19.398181181622867 14.053566166588958 0 
3.1841768878003696 1.9839240361360821 0 
9.289381337091292 8.147114219286937 1 
12.557681656160234 4.133293072715825 0 
3.93959187035555 4.35017160500252 0 
6.759375476114247 16.516219328118783 0 
18.031475919044027 8.805079475349817 0 
0.47221884772680855 18.566128289162418 0 
13.985372141056931 1.7406056707654582 0 
9.988787262357793 18.827660416000462 0 
10.112877961052163 18.241719798938753 0 
8.9933408217735 4.818303229802696 1 
12.73749457055528 3.5606359331796233 0 
12.40906155471501 8.54721665433988 1 
0.5155156857423027 18.592943868750936 0 
1.9518318296283144 15.217864511262139 0 
7.629245982694142 0.6708187736782811 0 
12.763007955718141 15.622300171271617 0 
0.2864624599335852 6.525275654280101 0 
9.042883839580542 0.6957110250592557 0 
18.207727691054323 2.3585085538719985 0 
0.3701883444258991 2.58991310349183 0 
5.43204600000969 13.56106066956434 1 
6.04869850946248 8.650914116818573 1 
10.961472845485405 12.785726591553585 1 
19.6079034773169 2.242365330466114 0 
1.725086181523734 10.321918207453065 0 
2.946017562219476 17.39453553463931 0 
8.323943382161062 0.9710399630743538 0 
15.74261841015469 5.893894056361977 0 
0.8363462735884397 19.682926464416866 0 
5.631916818373421 12.862322799378417 1 
13.556541719318894 4.287747916219152 0 
8.68549386765441 13.031172856919472 1 
4.680652148219535 7.803525693352389 1 
11.938533263978051 11.879099046557815 1 
15.69294773147168 5.863545680602007 0 
11.025368041090095 13.704045506738844 1 
19.93681064759821 3.7601775361215384 0 
16.168890860451572 19.98966686281522 0 
13.910456069552806 19.561894046736686 0 
3.311723431337077 18.034462962321047 0 
17.472985016270194 18.27651795278168 0 
6.425112203307027 14.529301234947162 1 
14.736823004706247 0.2765202949375034 0 
2.121627919225193 7.774007156261618 0 
10.761587973028423 1.8072884175154114 0 
17.755527039598622 0.7356643064959578 0 
0.6688243109128855 17.007774372431722 0 
8.125573154176099 0.8071115031117548 0 
10.785195130147226 11.005209228761343 1 
19.564780737829366 6.38503028402652 0 
0.268735530575992 11.620106814459517 0 
3.9153494707804293 8.447299177023158 0 
3.803094919202419 7.483167019707628 0 
3.475046164793214 9.772128162893924 0 
8.370086812720443 11.12110704864483 1 
4.257686732242858 5.071941625600638 0 
15.112670986080907 18.16398676594529 0 
7.086268711584715 12.652597988512774 1 
11.169556652648494 17.83959293424438 0 
8.09427755473081 14.947550350994545 1 
16.113782534537744 1.6986854910122906 0 
7.32082134519755 4.976825727557794 1 
4.493458532284751 7.7668075895631254 1 
4.545111607767208 7.822788576844488 1 
9.843686829083031 6.819132178102785 1 
5.8375056867071 7.17849600606244 1 
12.153259567181912 1.697240712962682 0 
0.48301479155489213 17.07557275293737 0 
17.514818720985247 9.969955647361905 0 
7.986217439155958 3.950661851040145 0 
8.108425878850571 8.901980201273403 1 
5.063423891829308 19.436385237335422 0 
8.973802824419575 2.951079294331622 0 
0.29523957889499686 13.349862671571488 0 
6.063079029528462 7.686744525431934 1 
17.954520615975472 18.589758945605062 0 
3.1872069388124746 15.774132205952895 0 
2.8403767905057298 12.368473575281966 0 
11.264527191793155 9.641061167626804 1 
8.74912364985708 8.684498165578564 1 
11.885992481793554 7.407767162393664 1 
10.010097721368354 4.79982075971078 1 
12.859504608396492 17.271122523742285 0 
6.8523442655098155 10.87628349635818 1 
4.691447794105517 10.03521049696219 1 
3.3821765539458837 13.74231184779634 0 
12.788884768586716 2.7249140204904254 0 
8.716920729128992 2.8498659456146513 0 
16.421827753663145 17.767646904379607 0 
15.514366864721666 3.22582072575452 0 
19.84255231263273 11.180844274956828 0 
3.5019786652442453 18.12801959796196 0 
6.606839057138815 19.535924067211333 0 
13.679698346307056 1.3187269939074242 0 
8.31720707365401 8.084975890000107 1 
2.5919233351102378 17.75003642571945 0 
3.703233838335791 2.3636703322488772 0 
2.1576924871635783 12.158935216492697 0 
3.336093555238826 18.17185170587077 0 
9.805660452290162 10.486089871713064 1 
14.794179649305315 10.404454338487199 1 
7.578240598767765 15.825829834649348 0 
2.272230122448611 8.208917183986326 0 
13.935447411856094 0.9475342311931723 0 
0.7697447787085165 2.8670338378801996 0 
1.6912325387918958 5.114524442595895 0 
7.349424304380383 8.071769339171366 1 
16.276778628913274 16.346033619550163 0 
12.601925417393984 8.573774494000833 1 
9.135192478004077 9.05910495301036 1 
7.562694207005245 8.288809077316992 1 
12.436539144885678 12.479472948120229 1 
17.234873058476104 11.012444737359576 0 
3.6736109496659686 16.096657637314216 0 
18.549953686501105 7.245292216524946 0 
19.18269936099014 3.8621295717721926 0 
13.261832010505113 14.891179361058647 1 
15.292573135690207 17.847011101558167 0 
10.567854940425663 17.855085062965962 0 
1.6454077113555066 19.996828011589738 0 
6.056125955580953 13.903328836057478 1 
7.620132785988957 9.908529236519035 1 
0.5765733938937956 15.02446919097233 0 
12.909443404541676 6.297213496937384 1 
3.955561116505153 7.175963502167077 0 
11.724525009104115 16.45498413208965 0 
8.85159490473396 14.97256598903062 1 
19.395266603675452 0.4273423956505473 0 
17.068581484123044 4.230353404547975 0 
10.905074758327707 12.92689931188551 1 
7.62182868295729 1.592572250032891 0 
11.594023270043914 6.194168299844003 1 
3.6160763634630144 3.1626363044025174 0 
5.276022907387253 10.895909615662962 1 
8.568788471642714 2.746374815223218 0 
13.171265081371999 8.73338356681369 1 
5.988430735159309 3.094174877450633 0 
4.588882517676449 6.793963946561863 0 
10.566036973528998 0.5215558209845739 0 
16.909867300956407 1.0617045735778419 0 
0.3524628477963154 0.29116803485411014 0 
19.831512213185196 4.974917771645888 0 
2.1163561615071025 13.88120198833256 0 
2.1750691603111383 19.3251672317894 0 
6.9269039865869475 8.091733056251025 1 
14.52212261280316 3.6532313488119517 0 
11.57271863797783 9.067377566848965 1 
0.952598153324189 19.854527265098078 0 
7.999426252662585 5.943464039977613 1 
18.65958850648773 12.576372828809689 0 
2.3833121346389508 0.495027168615223 0 
5.510466375829182 9.875886529117004 1 
4.110111777461983 6.517189999366151 0 
15.074207129080797 1.497238963715457 0 
3.248146405177772 14.441515454229712 0 
11.202695573807052 7.163833085886653 1 
19.812105017418006 17.209124858611926 0 
17.47140634576078 5.593510834754922 0 
13.46754630100111 6.7493515685262935 1 
14.057964379433285 16.766546273538008 0 
18.699072313984676 10.635948168271792 0 
9.396986805783756 12.011010085126827 1 
15.181109020901562 10.715241415054482 1 
9.691971291837278 4.986626842815715 1 
15.273789147749635 17.659023884862293 0 
1.5772875163615319 16.081311800303478 0 
14.314631102473182 1.6043501605383015 0 
11.240513734234964 2.9107788064909212 0 
15.744154794769862 3.029742086252325 0 
16.277324297098485 1.0761734865897998 0 
12.212086203323668 9.186468043658415 1 
2.3314319237765857 3.4122763009812007 0 
17.187886310930928 6.596385747091656 0 
3.0617950197265853 3.8387527425567525 0 
16.400320084102223 13.485099511027173 0 
1.6641585358955036 6.695337576504312 0 
10.614512475200073 12.002845860676912 1 
3.2763712790087873 12.322326171356563 0 
15.75740984817992 12.548555762055694 0 
17.544077588771938 2.401289069327708 0 
8.232751639928457 13.939009065000466 1 
15.226406925517503 14.95397434860318 0 
16.90873513653653 6.51245048313778 0 
10.106145476800814 7.606092602978021 1 
10.438994704535778 15.10488397705338 1 
1.4560272270792818 4.683602539320207 0 
11.80752177912403 7.345002580130277 1 
0.2907418207049206 9.520792223141019 0 
11.49787106267061 15.201855897059078 1 
13.135599514552796 11.231736592421562 1 
6.5265826751562495 19.507561481471054 0 
7.875412724161974 9.042431809433696 1 
15.225935641289173 2.5345800252911754 0 
12.86666498283692 6.338554527112226 1 
14.7798109781717 14.032985619783531 0 
14.938003639688546 3.8662484080272685 0 
7.276856380440638 11.796870463406254 1 
7.6986825243271495 6.983142782062782 1 
16.68501155106248 14.869335709333384 0 
1.5227582745857449 6.255646445884584 0 
17.741658935837023 10.628145219966896 0 
14.298488197633043 1.2802315956560717 0 
16.238071378664337 15.197201388465142 0 
15.793889799773133 16.112041866418352 0 
15.140922739877201 10.942236417897352 1 
18.071682903391633 9.788693101619064 0 
19.57262190662655 14.431151321498827 0 
11.359017914088316 1.5268180665607178 0 
1.7652124559663207 6.250253629679994 0 
3.1635670276230488 12.437013367123086 0 
14.40777092092431 17.702464960971255 0 
13.122320197442804 13.211074190788265 1 
4.507512052633493 8.740851352861636 1 
2.9220722866810833 2.4300206136727764 0 
15.818999482880088 9.514836216132368 1 
1.57482514124204 8.748166991812496 0 
9.606856771121706 14.433145228064866 1 
0.11867688226743445 5.068430584383769 0 
14.79454886413216 13.689412450097347 0 
19.378357906334806 7.939154538106717 0 
1.3709420783852977 7.9623265617164645 0 
11.235165074718322 6.11564013946452 1 
14.38247304355107 16.932591355705906 0 
3.8545151391702004 15.583047989765111 0 
16.51678271296438 16.76007860564538 0 
11.641800743274146 13.644893144123687 1 
19.295820904343465 7.726186257048608 0 
12.967042835409737 6.581679598788099 1 
2.93260095158558 16.358025457090683 0 
4.025901901926325 2.908488532233451 0 
17.64797170396856 9.674777938864764 0 
14.667319066386915 14.16519569361322 0 
5.8758969314873415 12.395581511119317 1 
19.039333210456334 0.6443402315723312 0 
11.436333052470701 5.968274101624393 1 
0.9636891452655849 16.64461210475347 0 
18.865964549378155 17.266575924339303 0 
12.114397585272362 14.135606259643508 1 
19.66024618568291 0.02843237951304811 0 
17.58865712405212 14.40691209385111 0 
16.153181040722387 18.53080931625597 0 
8.060058771987702 1.3703359399970294 0 
2.9484121492007764 8.425252361444144 0 
17.468917183303553 9.505828357052213 0 
11.884980466129512 10.034151401210101 1 
12.088408609903514 11.486709201489427 1 
4.176331742122286 15.198440035922589 0 
9.315873121142564 4.250176482024117 1 
18.005760215571 11.153350692545263 0 
9.299646172937898 11.24411998300416 1 
2.611955993680277 8.210795251959375 0 
4.791659154733063 4.036794432884792 0 
16.892111375336345 5.090779947494452 0 
17.841057564271 14.477235176629598 0 
3.43133902109765 12.353692920011273 0 
6.289554662635714 18.711624977852818 0 
5.027344074881901 2.5248021466498094 0 
1.8909495714630076 3.067260606340154 0 
1.045357498923054 17.084579280803794 0 
19.106846091995678 19.884044091585192 0 
5.821359682075158 13.494674279801815 1 
4.1551307761868195 14.7214792680215 0 
1.847498340375986 14.015054694862307 0 
8.88731185185466 6.345038911916645 1 
15.613139890477608 15.855673782671921 0 
16.477223297073465 10.748229563310828 0 
11.709317222533695 17.548133524421054 0 
1.3652505011018978 15.597401073715645 0 
19.26450320699072 19.287568016225872 0 
1.0615972918002603 11.126807757667718 0 
3.3422868625578617 15.734208996975273 0 
17.914948612853827 8.011441587880732 0 
2.8071128228681896 0.22098545096443045 0 
4.017352989775822 12.507389270107446 0 
11.844221947047629 7.938706888470055 1 
4.982929701846515 2.2946340713290825 0 
0.12409988503289116 12.90414840659041 0 
3.8577517794934435 1.1619494220857707 0 
11.873195317561027 14.019769352401356 1 
14.94319773552764 18.532295427471105 0 
1.7952191680858887 5.565752504707819 0 
8.78792653998746 2.324356598371178 0 
10.09376040512986 12.028460007712656 1 
9.287228199372247 15.25611595341147 1 
4.6855776321833975 11.502736277179402 1 
1.484947875839322 11.522873016697591 0 
6.186104836325892 6.819132970652941 1 
1.852035846378839 0.3142602986553422 0 
7.647793902913833 0.27870900447213076 0 
17.55559202592301 1.5648409327638957 0 
9.80553370902269 16.748726487519402 0 
17.951395479831195 6.706379790326881 0 
19.53609375361622 17.592018075151536 0 
8.757247595240766 15.985929068432124 0 
16.71601540183857 4.2457626396201364 0 
3.2113719368927485 7.633493216162835 0 
17.087179465604017 5.263905211534139 0 
12.217901172300037 19.691950666139057 0 
14.607862075171026 11.898245547633525 1 
17.198731540819928 1.1549439958029861 0 
2.7025217396070578 16.029154845084953 0 
8.732104677546921 0.4725693356446503 0 
6.743474101441167 3.9590799940502364 0 
18.1245755784514 16.609897088812865 0 
8.33034446969656 8.969516359244583 1 
9.297174713065706 4.174159185820663 1 
3.4149442927645612 4.448422564555267 0 
9.137025608383286 0.16238346138690574 0 
9.603763811472279 18.640045854874664 0 
7.896408584249686 2.8034614502706146 0 
18.049887305738785 18.853926929320494 0 
14.396460045911033 3.36776835224736 0 
17.889866392283036 4.8825282535165915 0 
5.168217052795958 7.096368222251144 1 
4.448952555152603 7.469925543251956 0 
18.231715598946572 9.473694935096596 0 
1.0163136417767404 16.716373282592944 0 
9.907001836656974 10.145059181019121 1 
4.215485298171197 9.871792368792748 1 
7.862422943341287 13.923003700055233 1 
18.83559836140405 14.334923267869478 0 
8.816593003482925 2.8728130727288437 0 
19.65018151783185 7.7350413643629246 0 
4.721541859137193 8.81670085635119 1 
8.296374287850991 4.962748785250692 1 
7.61216417969385 19.097662426232652 0 
5.527197855445783 9.146935635063699 1 
4.472169794838992 7.245541880462092 0 
18.972252319941695 6.649194684616859 0 
0.6701874129814578 1.243285500852147 0 
2.391414593368497 1.9688254173919018 0 
6.183325343180146 14.712586979272915 0 
13.129588727496524 19.25304135724445 0 
1.8921757355952362 5.541050523348496 0 
19.493044147953746 5.082809040470659 0 
12.515531685040266 12.754758033601242 1 
19.052843285985944 7.204766626184879 0 
12.445486773861179 4.807650764071929 1 
16.040511024748085 3.0001478390213365 0 
3.920946847274358 9.982157514986111 0 
7.880078944878486 12.35811287601614 1 
4.814024662388099 7.92785966259709 1 
2.612793463139076 19.678221814455434 0 
11.96070394267198 19.315457035740035 0 
0.06481845271215425 9.90981076057391 0 
4.680161460211565 2.104730673061057 0 
3.0558794544764756 2.0050251004706543 0 
9.57139116447583 8.283345206957557 1 
19.693059589629804 15.886906792686128 0 
8.865506301957184 4.880745832972295 1 
4.774138759272926 3.922648484186322 0 
18.74049267312067 19.94215701402772 0 
19.889689516765184 5.520256143770068 0 
15.699226641966618 14.677156625381237 0 
13.61315894776223 10.661625389198479 1 
5.613929350366316 12.900332968560853 1 
7.793305308475023 2.4915514907838854 0 
17.654264023614914 17.38704137932263 0 
18.849257661374207 17.29979700329799 0 
14.706435577189632 19.885106058830683 0 
6.838450821488797 0.042570362963583186 0 
4.22858112572168 18.276285751845364 0 
0.2518022264433606 8.796806573473695 0 
15.061923725116579 15.505162360457419 0 
12.823548894960666 3.461622868086134 0 
0.821035832020196 6.066400965765785 0 
13.241175776030445 8.640467692480184 1 
1.6372707223204208 12.373949399213387 0 
17.36042491838694 5.767229057521208 0 
19.692638797128915 19.080933213496806 0 
1.8817548178732135 6.155175839223077 0 
19.630549204826195 16.444852788449843 0 
10.889339098959098 13.768589119418767 1 
10.089755859024232 1.5952895043894033 0 
18.419744497609287 6.255882808627231 0 
8.181011838856442 12.309181501495987 1 
3.841046368653691 0.9035331362675247 0 
15.320745092297415 4.797867962874609 0 
19.10635338176998 0.3944765879962553 0 
16.003146788250884 0.9811632591663422 0 
5.757282808386714 15.07051260986836 0 
0.8052344379729948 13.181617325560895 0 
6.713929424191745 19.290766972970705 0 
9.122442856974352 18.35844736471588 0 
12.569356156016358 2.754989616312382 0 
8.9634079799988 2.7541652268902217 0 
15.303705235589021 12.732285761515914 1 
12.570602387406902 18.03779807654774 0 
6.153222404302927 15.316157274015083 0 
13.376614434108573 18.89600391666425 0 
8.322395326941624 9.863315787531485 1 
9.786965233732406 7.347559841514226 1 
3.00442946695622 6.038020016619548 0 
16.442331220072624 9.461090752957396 0 
7.150282189134323 9.023107013824223 1 
4.052272010198714 16.42656203366185 0 
17.118256234426944 14.435117796804215 0 
9.08056480094392 19.824350365440377 0 
8.067000774306855 4.5163302786897885 1 
3.2121523645150662 0.7069854568674105 0 
6.24333258977212 13.486829587582003 1 
10.912524078520732 4.590534044511627 1 
15.27946097551551 3.1603454298187628 0 
15.901385128581964 16.37678943443783 0 
19.247356576076655 11.529399540193324 0 
6.0474846798333175 0.0325094529548986 0 
13.627820869533762 16.71344100437694 0 
19.487049250032374 14.752939112063588 0 
7.080849517177603 3.1315804342609965 0 
0.43463042560015097 14.953824728099177 0 
15.08354367987719 17.333317417288296 0 
1.287189717253674 0.8236829489462605 0 
12.566140481669843 13.13151278853949 1 
2.723349907572681 1.2250206493442994 0 
4.36882777309187 18.00874795200565 0 
18.678614463867838 2.790844310864753 0 
5.706012099551887 5.388044071584104 0 
3.6730170338975365 1.2654013416974852 0 
7.445815014062312 17.57957003431412 0 
17.17327989725341 6.2344781074183135 0 
9.92438314402052 13.237620876713274 1 
7.744494720760016 0.18731104828488832 0 
12.504990240011333 3.490355698732064 0 
8.917869916348721 12.7674377108875 1 
13.567035137794914 19.66620224533591 0 
14.686240804541056 8.453572577310025 1 
6.750902748740213 2.788866582192311 0 
1.2110688378771628 0.07456393370745218 0 
4.313195741078026 1.8102837156368734 0 
9.58738890331269 8.09392316648301 1 
9.111608408300494 0.3382502619993488 0 
15.266840951265696 14.946246671741077 0 
15.833457005694862 3.8721362649700852 0 
5.247666285388338 13.963761394305248 0 
4.370765522608817 7.843128706618144 0 
6.614870556035413 18.35604638186141 0 
15.226533086236053 9.041886540553383 1 
4.631339146237618 10.74550431493596 1 
11.337912441420897 5.125383302422297 1 
12.710079537089637 5.813987362619661 1 
1.912665505944413 0.7026185482855407 0 
3.3705339109579846 1.3711486762775738 0 
9.385753024243375 18.975337433005407 0 
9.623474815534127 16.73724487903289 0 
10.386200312250025 16.646629276348595 0 
10.557424178476014 0.039748933191279257 0 
16.721498999416134 1.7339071799012329 0 
6.934608209360819 4.7969304159522235 0 
16.74568207988527 2.2447944596698965 0 
13.601918755086624 19.47834148174711 0 
0.24453807716485976 3.3629396568395986 0 
19.000462989466797 8.929163397082299 0 
3.572279199782744 11.749396420499458 0 
18.7492587057788 7.761954629295946 0 
6.4470809914996146 8.986759000882888 1 
1.1493614341850455 16.975537375239615 0 
0.013893680822307797 4.857532910641218 0 
10.14049196762925 19.071290457340695 0 
2.905289988833708 7.062890505817947 0 
8.627730079532817 3.610530990846972 0 
5.329018727910841 5.531966089782165 0 
0.6154765950960961 6.730707827031209 0 
16.400209834947912 7.714240331981747 0 
0.8144241406261665 8.722746093224266 0 
19.524913204168886 8.334865817964765 0 
17.27649779146058 12.573606939635578 0 
18.47124888223381 0.9274284445670267 0 
5.32369124713564 1.539434578023282 0 
11.768078993317403 12.415624715083723 1 
2.2175182434611274 12.334651947659632 0 
7.584550262810243 8.427007545730174 1 
19.189064945071387 11.704612991968826 0 
8.97025081859601 14.245237942882458 1 
7.802082976329839 18.810892037724713 0 
16.170101781973543 19.58065643944297 0 
2.1926288672348004 4.396551684212506 0 
11.788109973362044 4.909841367120822 1 
7.344808237365781 7.48170180381547 1 
0.6371419483408958 6.957312225758914 0 
6.921582658855434 14.174105941177244 1 
11.386664280986654 5.921060327312562 1 
10.674728530496292 13.514285292919508 1 
1.6951818064258473 11.465581529257868 0 
3.849732469201508 7.057776533448776 0 
19.355372059703978 2.48663894285023 0 
17.43684909656596 8.63354370660145 0 
15.481670988441245 5.779173678152243 0 
7.193797731562965 19.42503535140138 0 
10.067688070094276 9.059554202224566 1 
13.166837254684607 15.798362083287314 0 
16.03709129834131 7.972756224852802 0 
15.87309769713354 19.091565398400558 0 
1.7749993621118842 7.550585733007436 0 
17.371031835583555 19.35606730266066 0 
6.790638034232894 12.102588751115963 1 
19.699078498824164 4.760270504340898 0 
13.592318512286376 15.654071157615501 0 
2.3869671787113655 7.342696172803176 0 
4.547916271412909 0.32836313096787695 0 
15.298481832498565 17.640443743542836 0 
2.817629710925118 15.493208646494338 0 
4.724099569998161 4.7272964979934144 0 
12.403400485893396 4.0786274669135665 0 
13.423751788522205 2.2090447631159216 0 
0.10811928338390286 10.351804328836248 0 
5.58331525285054 2.2141101977281097 0 
7.192976255036207 16.167454285742448 0 
18.778026168998693 1.3535839076582357 0 
15.426535418960373 17.54001042073337 0 
0.42455958187425313 13.573862785359335 0 
4.449685691281038 9.698886867798217 1 
13.458185545648277 7.481928616422621 1 
2.4836144680508654 13.188080823638478 0 
17.11922117632814 1.411522671823049 0 
8.246411084400728 7.643695567489008 1 
1.904512551598787 3.5204119583547344 0 
9.848766238186474 2.6085915455735664 0 
1.611376055039615 19.213206729650878 0 
18.40361934847216 16.54107259482599 0 
10.434227341063888 11.915938413392757 1 
7.203763795805827 7.695421338512545 1 
0.19024018085344263 7.236201278943641 0 
1.5395464485543142 5.8073379956781945 0 
18.268396844297275 16.47553154969781 0 
0.08314097130259102 3.1158032283832227 0 
1.762965760047439 5.713008517294915 0 
10.395507883375846 12.770078626368575 1 
5.28498349977661 10.665844313127712 1 
6.558165910891458 17.094768639186476 0 
19.25528210648203 15.472784347245177 0 
12.079235417035868 13.099678491138905 1 
14.310485669258433 11.444330995015155 1 
18.00333399451394 5.118201835101999 0 
9.067926299041275 19.995684159414665 0 
6.46960386111213 7.23013941309095 1 
10.92578834449762 15.73272958978122 1 
1.9165550957228072 15.991311651527882 0 
18.438629680538718 2.3606650636149995 0 
12.956659250507593 0.09512935733991812 0 
1.6825240427276045 11.79581652272728 0 
16.65673782876647 1.2191496016530823 0 
14.948582620688484 5.375234191115763 0 
3.1007102405836484 3.372201035088618 0 
16.584602213893085 16.313037108316472 0 
1.2687199450260134 0.02681148061874916 0 
1.9634044369438697 3.419424067254002 0 
7.431725367649776 19.62731942654333 0 
9.942730649952406 18.821646512117308 0 
7.81608793810582 11.868420858461224 1 
11.954783821207062 1.0887510688459878 0 
10.86230021353828 0.10156234663692087 0 
10.61872729852542 15.771227705329915 1 
4.9700040612721015 13.551530430017557 0 
13.694975103409837 9.805886029855152 1 
13.469112082107602 16.581391128073452 0 
5.249333968457515 6.366964336624954 1 
11.168239605355502 2.730022681987576 0 
1.3726395876747244 17.52031890343512 0 
4.866793963406504 18.574484108827246 0 
6.027547479926723 9.376589382019167 1 
2.673781650421694 8.434239442687142 0 
15.347213937421952 9.258428006651513 1 
17.121447630957267 1.6982077518105676 0 
0.7941073144771527 3.169784596568752 0 
19.731012808876198 0.15761020531681602 0 
9.866726023866391 12.403176131619187 1 
15.897096437908152 6.768832554418238 0 
4.84246958096886 4.648434077354279 0 
5.626392774899653 0.04150015180376165 0 
5.492070818052981 11.624583296388384 1 
14.749129964041952 17.516493199796592 0 
1.4458871136639506 6.278764020874554 0 
9.80199447176149 7.010385338560699 1 
19.534914161519204 12.829784151048651 0 
6.896674066532125 13.824408321860947 1 
7.5411944419540315 4.336341402857169 0 
0.1645358642780459 14.057894853355016 0 
1.2987067606354263 0.31992823438339313 0 
9.959597021805834 9.295847205834383 1 
16.454947465602025 4.380722755231734 0 
13.903934763393767 4.134708681820061 0 
6.415923933816243 6.955736648356687 1 
7.614138517149309 8.91806082959063 1 
4.527126182158739 1.1998925169742747 0 
10.510220170989523 7.599952527550602 1 
3.9982173925537134 4.25656483631424 0 
5.1578866024117715 15.650769127269557 0 
0.05367566236524013 7.591066512159621 0 
17.707336604315785 4.068941635687553 0 
2.110554890073799 3.6488948791476483 0 
6.52127503608458 15.275336402579622 0 
9.45257330731857 6.7469428070651505 1 
2.91568201810821 19.96170117694699 0 
15.5789753690396 8.75973026010506 1 
17.635795137508982 0.7607511654663401 0 
14.859408768041316 10.75869207455965 1 
8.868125220778602 7.559884932923877 1 
19.440617643600888 2.084338557193033 0 
15.414249303651914 4.919677182181728 0 
19.809537728153465 8.756479714231434 0 
18.552587921337526 9.068976560890595 0 
12.343847745172527 16.417214618571464 0 
18.991004373050714 7.872658623184428 0 
17.930556792853526 14.858676774895756 0 
16.186494020513294 19.79096886803951 0 
2.3450950641686608 3.2557781043225242 0 
3.2031989485480383 5.658063012327876 0 
14.737742599122406 11.645176920796946 1 
4.757941634808809 3.9605501564078716 0 
9.350142678590942 0.20084775294440638 0 
4.674730069655828 16.5875460395208 0 
5.343134004187295 12.492560873752051 1 
12.102517850533365 5.576541661001921 1 
0.8271739445075554 7.7997905482351975 0 
1.969682762475713 18.902201307767882 0 
6.5409791793563965 19.697150717166647 0 
17.467461772813174 0.8306816219355961 0 
3.436245530166868 15.260977680217438 0 
3.360615024601552 17.214695311001865 0 
1.929666126729559 5.910815390401128 0 
3.1466957534232676 15.770863950934288 0 
11.350049042278913 0.2294059646116109 0 
10.50642774990903 0.04828874179148013 0 
1.6014891805239806 18.054575099596768 0 
17.73650515605518 3.065705637370002 0 
15.862247453723405 3.522339387794411 0 
16.766402481281915 9.6927650835364 0 
0.9275919133434019 17.27019795904036 0 
12.071116824726754 16.02534556439077 0 
14.05107975376092 0.6764896705196821 0 
0.1436997214610236 12.013445594593898 0 
19.44586200830997 2.0905606037337265 0 
10.730786606805474 0.18198245031563198 0 
6.525478622335587 0.49694950250836145 0 
14.671444348731042 2.445234221740411 0 
9.376052892056784 17.0189886178952 0 
13.440931657850527 10.687263971675748 1 
14.111183531883745 5.734279351517686 1 
2.5757419889609734 19.451398137941787 0 
15.996259598241773 13.048723690015095 0 
11.843915566240003 4.103398286209883 0 
8.311398947370012 5.525622311504172 1 
17.951810503920036 14.494174959289495 0 
8.91427078169799 7.12273978851766 1 
9.128020867984654 16.07055799037343 0 
11.49389141721521 19.06407799609742 0 
4.908915824447215 10.502340332716571 1 
13.787201163846701 8.654802959404286 1 
18.460214961031568 0.7963325131085308 0 
16.332594270915653 18.10163427988445 0 
17.072673357864936 2.991420215485634 0 
13.102468782215947 7.293037090739709 1 
7.830573946234088 17.07039979583245 0 
19.751384699890483 2.194458037062481 0 
13.113172206188946 18.582352468641545 0 
5.910260669156786 7.143091408476064 1 
15.848356724173296 19.443450666030383 0 
16.63238151330472 0.509017618325498 0 
2.8965286771580234 2.2342735296992067 0 
8.667052986298838 3.6130063906045606 0 
17.59868415128315 3.3674884864852905 0 
5.655713269893101 3.672757305083667 0 
4.660180224258235 17.8918829349822 0 
12.914707319326059 9.783033261402274 1 
16.52728504502635 1.0823894245612897 0 
4.599942673115887 10.87065474496522 1 
18.117735342079296 11.878537081414326 0 
9.1018237808339 7.631730985636325 1 
17.52905069072813 15.439745782448462 0 
8.603803153307776 18.310793269548444 0 
14.604386209939968 18.19288591730125 0 
2.405555540884705 0.47653891008012206 0 
9.110533553518465 6.5768446791320345 1 
3.2087122041047578 2.732734759491995 0 
7.1711903787384195 1.853511094652398 0 
5.618396937028902 11.989697386094637 1 
4.890638727415952 13.07565008514041 1 
10.608423384314856 2.2723662769564057 0 
8.341577651121924 18.722373696234623 0 
16.834126736469464 11.682937397767155 0 
19.919176722543913 13.460029268289828 0 
14.79608722894383 19.255289150785117 0 
14.083121555680648 5.574173007095227 0 
0.22583123966206875 2.9841888266409633 0 
4.461624828303037 17.401437732445583 0 
6.2124912197354565 17.848051643173616 0 
17.320358017420205 10.254509337247864 0 
18.401898910683602 15.32476958914122 0 
13.865172381168199 19.773868431421967 0 
14.863765503549471 14.772919544145932 0 
15.407443319861446 19.99267385297754 0 
8.921839136530867 0.6923126596384388 0 
7.435044266215797 13.02650366477092 1 
19.216311092144664 18.788877276414663 0 
15.542945152701597 0.05911417639352434 0 
15.287578270525593 16.713320590899013 0 
19.477356689386024 19.688737741007095 0 
13.05619285125648 15.599115667449318 0 
13.654458172143274 7.8897437813229265 1 
5.6716139413866 6.640698131126481 1 
2.5023315104604715 16.679641030921086 0 
11.366440674700339 2.3553462043967976 0 
1.860287660328126 19.419938751760068 0 
2.7560129240254527 9.51141410201492 0 
14.221626113346446 5.463775577621788 0 
3.318069076653569 19.934447404771596 0 
19.83237832334015 13.073576516518642 0 
8.124550163948074 17.682615108358064 0 
8.656382148126063 11.723815145658698 1 
2.583434392983379 2.35671781994113 0 
6.802503224581063 1.5222335730088687 0 
13.499956963069486 12.06563470137326 1 
5.725387649436408 8.872844588983531 1 
0.42334928747982614 12.921517897872057 0 
12.0090288632038 8.448738008014791 1 
5.608242418703799 7.353257446601818 1 
2.8848440790112884 5.778236489477083 0 
15.876111488707373 14.281567834043685 0 
6.350032312071832 18.792370640481117 0 
18.95911494673388 4.7365768742557695 0 
8.681161950082037 7.042566487889483 1 
1.2150303159360276 17.31453053730843 0 
13.942772465090158 14.89907256202477 0 
18.98316442237967 4.11036906335454 0 
1.0147519982510755 12.908137456919615 0 
5.775520027423999 2.6788630659951918 0 
9.56098057764483 5.4489698304534055 1 
8.580781952035174 6.8473944749044025 1 
11.744925452319317 11.21770834987066 1 
12.342696783698733 10.510677416779401 1 
12.676899237686662 2.1457317126402 0 
7.463558469893616 13.648518257041234 1 
11.473411355046437 14.376789285546288 1 
18.12326986386488 19.400533902968487 0 
18.70138563829983 3.7653345347084732 0 
7.151180759761184 8.709819395093614 1 
7.861520928714039 12.611171738521417 1 
1.5539279087199565 0.05280239889824179 0 
3.212384375568531 7.073443942129989 0 
12.601771074999295 1.5141355861036665 0 
6.672419792143227 13.527096410300976 1 
0.24760910718635953 19.706747350897672 0 
7.914018356663499 0.4975698443725407 0 
17.998654826837434 13.695301643646845 0 
0.9636930802837318 9.360496260559918 0 
15.995402327355045 2.170448300757266 0 
18.9989916381064 3.631081807430687 0 
3.4815730032437875 10.581486491002805 0 
10.176993358560665 8.64153260703584 1 
17.60007846450919 9.228308091755755 0 
1.6386017045352386 19.32750638658645 0 
10.340546386469216 5.960216872259128 1 
3.41648166624831 8.201151098262185 0 
1.1280360048941596 0.7408264500688322 0 
18.67604853298407 7.410460446715932 0 
3.370560318350704 17.10635388216447 0 
14.838003907022442 18.765042163762303 0 
0.7165576488813374 15.573815788782454 0 
11.623058395571253 11.648938959382031 1 
17.603613906890267 8.09893536935073 0 
6.469127976546112 8.639217113922893 1 
2.6080866076295672 6.406108695501942 0 
7.680829023933429 11.362613016009032 1 
10.885905974553896 9.09345078681622 1 
13.522097130397965 5.7887963478403615 1 
8.187715951757719 15.454678572684333 1 
7.6998364483662325 11.594040234934457 1 
8.660155640041173 2.8503133086112875 0 
10.185523835961162 13.092651817303995 1 
14.722135782350797 14.051492492179731 0 
17.802579728898255 11.558452783078575 0 
8.853949651770659 13.7408324528137 1 
10.618633118023775 11.252947387200747 1 
10.898055823560798 7.23615926081923 1 
8.34376256864218 17.837045194675966 0 
8.374568017048018 12.660926355118061 1 
5.635929422873462 4.654437046330926 0 
4.37127022300616 4.286046057426811 0 
17.030358924885014 3.9513789982635172 0 
0.3287661629155858 19.90167527127045 0 
16.937752201828612 9.539429071146031 0 
3.397431013957033 0.1900738010023839 0 
7.671408613771236 9.56940137287209 1 
12.120786519557784 8.068977465413434 1 
9.854723292228751 8.106278807793714 1 
6.263783994855368 13.21687126660488 1 
8.54658972103211 13.2008718172297 1 
15.188647894189044 8.30226272307801 1 
10.414048056318057 13.897442494673465 1 
14.11409291337566 18.069752293118533 0 
5.4195412579881115 6.555165100245894 1 
12.935109147933634 16.411486196982402 0 
5.523768203807697 17.586346900641164 0 
9.884181750543522 16.29251607110011 0 
3.674830401613347 19.076815161867895 0 
9.243465759530327 10.380465926373756 1 
9.92467379741894 2.0484405994589516 0 
4.66644556434326 8.06964265112132 1 
11.447073332821736 10.635946604430549 1 
11.817411629461315 12.360898964693693 1 
10.331928848097107 19.34594571606903 0 
6.260099951305724 18.400097874417213 0 
9.205223621764036 0.14223489620284413 0 
10.28066916378953 2.461316016308903 0 
15.273854776202745 16.353221234565037 0 
5.339712816612845 7.916907694948032 1 
14.156218847687283 7.725243729524562 1 
1.408645012856511 13.494199041973776 0 
11.26443571696389 13.208067385717237 1 
14.897619776862241 12.901549742486058 1 
15.752851195136595 3.9414052471133854 0 
3.3500065562022407 13.752852123149701 0 
11.027593348951978 5.87160541242385 1 
15.272065287597636 7.709852556840251 1 
10.633830175955604 11.052014668570035 1 
4.904363993484051 6.1584731361336615 0 
12.882909094907781 9.880259809172891 1 
5.092468465952596 5.412335980438991 0 
10.285942345488479 11.727876412160603 1 
3.6054463855619145 14.550031201585531 0 
19.615393705401797 7.509240136812421 0 
8.729087634765637 6.997781811068484 1 
7.648983023510181 11.987758471940975 1 
8.322252385787152 7.683404742404627 1 
6.262400868917477 11.135222506580792 1 
15.141284525174285 7.510382760376548 1 
8.821161672543012 16.836847992748528 0 
15.766334177238656 17.575355600186462 0 
5.631547572100688 10.597751262162348 1 
4.52355398983876 0.5129662342843844 0 
0.4800692674386653 7.5610371572263535 0 
12.687795281533214 12.826351275800356 1 
15.056709169885178 19.410463317862487 0 
12.928570845974608 6.34867144569407 1 
13.372928987499158 4.433369743031008 0 
19.564221962355013 1.0164969362569165 0 
0.7556275103723697 17.827365447254596 0 
8.797228493922715 2.3799771664694425 0 
2.1276780891057423 14.923899139151388 0 
13.513220962606054 8.983778559699287 1 
10.918070481048119 9.691136339536996 1 
5.147355114354459 15.386051553478794 0 
8.033226311221116 1.737470452136296 0 
14.530884342025542 9.77822007445663 1 
16.46632434296279 4.703590728260021 0 
4.572353432619767 3.1378301286215904 0 
13.255431827975041 12.564770571304926 1 
12.302217895253548 18.666446821083426 0 
14.923334173733135 0.22639871345539575 0 
2.971153153247239 7.365338893777709 0 
4.269133225160586 17.65918508836762 0 
16.55421658465052 9.88113033013196 0 
3.894261881700589 6.326805045123103 0 
3.782415824219707 3.18737720603095 0 
7.931198997569946 4.4037835055868495 1 
6.6828341917294765 13.946616604134494 1 
0.636142820715051 4.656122242763747 0 
9.31817377151904 18.2387417813098 0 
17.362122890343844 13.741123314782113 0 
10.11193696430692 11.765073622965856 1 
12.048176254929409 14.348912703977083 1 
11.21294980853677 7.116150865561068 1 
7.115306269981345 15.450184340668473 0 
0.6959584821521059 10.55709927994332 0 
1.675505041660088 10.944534567392312 0 
6.022597370136939 16.04643521845518 0 
6.624877318520268 8.406013285616433 1 
7.158064655920904 9.13598427864712 1 
7.13332564558997 3.7680978930878095 0 
16.493809337946857 9.879217604076832 0 
5.040914530151888 17.08157626264448 0 
11.759431666049323 7.632528101388461 1 
18.43376032830347 2.605933613816982 0 
18.13511685106423 19.355804545176163 0 
17.96225179142593 9.674744474663623 0 
14.830475797373703 19.705893107954683 0 
16.066457086224514 14.756078190828276 0 
3.0014368361800114 2.030767853322619 0 
13.169659200673205 0.37266766587451094 0 
5.7688843690561376 7.833999227321364 1 
7.748810555599741 3.0275143401226257 0 
9.717615285547396 0.48895535798293643 0 
16.022432816638137 11.661405047063347 0 
10.175667347744607 18.801493577486454 0 
13.510305154725389 17.61020890992183 0 
18.525167560333497 0.03395681690427699 0 
16.766289817074654 14.294609348905688 0 
11.117818960389641 13.56915961658131 1 
9.716555698084237 11.41762671285438 1 
7.9014389181555185 14.307406184241476 1 
14.325537076634081 16.48109515905305 0 
16.958192726874593 3.5383467275198965 0 
6.407325515651143 17.51641341369003 0 
8.851185014665733 6.262217025286145 1 
5.279144396282371 18.44911739212883 0 
3.8694469054591707 0.5946681799878495 0 
2.535780908943992 4.840865871270957 0 
5.585187175542017 1.1624572838180258 0 
13.455976658899829 10.826998331328237 1 
8.862115365424948 14.68620455428793 1 
1.2587369791628888 0.1279989735003384 0 
6.495173383355315 5.050993954396537 0 
14.203683813478323 7.926316203796975 1 
15.617499705028832 6.989913594255112 0 
14.701808723389611 8.102994264137504 1 
3.047453220296188 1.836894883606306 0 
7.870606147522392 14.330013922833631 1 
5.835027414828038 1.3969226931826584 0 
12.139183304935768 13.524345249371168 1 
4.323117767579589 1.1767507549284595 0 
4.6916621907787315 7.307642955060483 1 
7.544042889007372 14.94522816778748 1 
6.573627831271304 13.70928566521862 1 
15.806439161806416 11.516663485459794 0 
9.127408710702818 16.834654964810657 0 
17.522306338582208 2.5085457539867395 0 
10.276700795907232 0.281456946388301 0 
12.659679565518275 0.7651920558145009 0 
14.943064573378113 5.778969897826885 0 
14.973084368665464 14.125407548271749 0 
9.974742749181694 1.7861157577706344 0 
15.228911453074346 11.606940277239827 1 
17.271321428080277 5.819825102074856 0 
18.81270729997021 3.262239079491034 0 
16.823914253349592 10.785411216272047 0 
9.331506422962011 13.787368007518346 1 
10.149233099890465 10.513415493378805 1 
4.770297598677631 5.5088885334025335 0 
11.988396250679346 16.18762327440272 0 
7.391207368359696 18.121683694973992 0 
10.306949150336372 14.64698191529747 1 
3.2968926463884873 0.20029221092339622 0 
5.939614463333378 6.9448562023178795 1 
9.755481185012695 13.482047103845192 1 
3.705675331644518 4.608165655406397 0 
5.811863698191138 10.687446710079147 1 
2.130939436536541 1.7436299468607408 0 
9.58800883698721 5.944355454474202 1 
18.680395177064494 7.553680074240756 0 
10.73806836687859 9.319854160072572 1 
2.6584599275768084 17.776226898872704 0 
18.65585564603207 1.8995919667579186 0 
10.432144211552624 3.671203387671993 0 
2.850768451162473 2.836823423069459 0 
12.913106885097195 4.663174991734511 0 
17.805456000786254 7.261786274176081 0 
19.11522236920948 15.845962812280392 0 
6.083884965057722 10.236484064260342 1 
1.5642014373688395 1.050419908058764 0 
0.7177243813539391 0.6900242390330003 0 
9.153378108915023 0.7814505898386259 0 
9.437164906752255 13.300324600880051 1 
16.273484252786364 19.19904044384455 0 
1.1138349052009566 7.639208309943082 0 
9.510134312147214 10.684570896502839 1 
19.903453219180566 14.310328428994612 0 
8.57477306013897 7.910361915326318 1 
18.18153111127035 2.6028669701016383 0 
4.131839134683157 5.42308615973583 0 
10.375494221320299 2.292491402651635 0 
0.7146628326801441 0.7186708035653289 0 
6.0697302755599125 15.330789908367649 0 
3.815936092057579 1.3037309098284844 0 
0.9189165075919825 2.1599082509369394 0 
7.783944787277113 14.426830166012047 1 
6.8087358382668235 10.34501490983101 1 
15.092076161742334 4.220975619734075 0 
13.796868369654621 15.431507532705819 0 
1.7379074980800446 15.828416808297785 0 
19.45942682809069 18.183508410994143 0 
9.91202131859019 4.660665447044215 1 
13.99015521441978 3.794940760343628 0 
12.43759473335215 1.3395958528117657 0 
3.43598721629516 17.508530963498295 0 
13.303397018299993 0.9754231584240491 0 
5.614372468442957 5.100354815110824 0 
0.2745810804624793 1.3299014452916502 0 
7.7960217769924895 3.640007764095028 0 
18.620598129832228 1.403042525591618 0 
8.134367283251589 6.03689968618963 1 
7.532717813720746 7.198688165410944 1 
0.6306893315219364 19.58691500153005 0 
0.2064891229953747 19.894424192130423 0 
6.859292150721082 16.666717032756374 0 
1.3760508931990079 5.980603129517221 0 
5.817183935675723 1.9231882313825133 0 
14.396448834448845 1.598293737601253 0 
7.469501314847724 7.58457749577884 1 
2.4939409554744096 9.614597806439916 0 
12.83419255919669 12.105764134799958 1 
12.610993549348358 8.803488277648848 1 
10.955027612557227 12.27028791671836 1 
3.7252105560937077 18.2134938529223 0 
5.8536086271393595 13.342752531494334 1 
13.760585833320206 17.49238231506782 0 
10.8723415307865 13.66262969530956 1 
5.8187493690275645 18.545527160037235 0 
9.98505801823893 11.510173830899078 1 
8.134516692848052 13.993474089579722 1 
14.569059924286524 9.268475184365059 1 
19.08343761015607 14.879820736894441 0 
8.287499622409982 5.459742758390287 1 
6.89553086183623 14.691111987593787 1 
17.331753927225375 1.0256325005447309 0 
4.547855080992744 16.65031621593866 0 
18.996150204082063 6.348586594797454 0 
0.05633903934938678 10.167658575684868 0 
19.800790300209798 9.949187491514857 0 
14.833407579734637 1.8214005031992775 0 
16.724073338953435 15.501534723603786 0 
9.728329093758582 7.431715077898531 1 
15.457256607340607 11.538459201227113 1 
7.882665313401704 6.050739550002198 1 
3.4464580530624023 7.61346764993621 0 
17.19147533382677 2.4614080763441026 0 
15.665250714740452 15.754838127066296 0 
14.775904791642766 12.084831002853457 1 
0.3511976382695359 8.749735678121475 0 
13.317363873199259 5.142776322791953 1 
17.032338538282186 0.5969894339344561 0 
13.629821959896358 17.296841463481755 0 
1.5662061977275399 5.359375750938402 0 
9.094058706795051 9.26074485677416 1 
6.897432920593958 14.70144187932911 1 
10.344374812794188 10.76217274542544 1 
12.02721340090849 5.5597681416743505 1 
5.445973675816898 6.4958722007407825 1 
3.4364943557420524 0.5980589891645538 0 
12.387029984098945 13.710148517332193 1 
11.050278726527784 12.04745601936284 1 
19.06695301017793 11.905974725317686 0 
2.962821663612918 2.541685387637478 0 
7.83549660784876 9.99090243155033 1 
6.330436850865739 3.897035465733971 0 
1.1965587525591825 4.32372906377924 0 
17.17418758876838 13.202027084759536 0 
4.779482022099746 13.70686116791856 0 
13.770005308307558 13.306597810715012 1 
6.8550383374773745 8.859037966434881 1 
4.146563038062217 12.893188608197434 0 
13.953715334674593 14.868109220103813 0 
9.967834214903885 9.38607281228617 1 
0.8079933409465867 11.932994378331639 0 
16.662272812646457 2.561626968570898 0 
1.0165165447661884 12.220220276029558 0 
3.1904351473215242 2.971217793779095 0 
11.368045207069956 13.917792152131572 1 
12.632496088815184 10.072718293344005 1 
15.572792980969334 2.1813634347561495 0 
2.170803663563574 3.119870251341881 0 
1.2751895752499798 0.1749314090703602 0 
19.1017544459229 18.54383872837531 0 
4.523100123339252 12.707304148157863 0 
5.533546617389849 1.2020884201014859 0 
13.248341031038862 18.839077309366946 0 
10.81392453239978 0.9958680899967032 0 
14.63253562090619 7.014847274367419 1 
3.3382985328293535 11.333181041252217 0 
14.749882160407992 4.562871075334838 0 
10.835971332543277 5.9460003182974175 1 
3.0755854658298243 11.30514851363098 0 
16.994847624708385 5.76778227804382 0 
14.18919720358157 1.4239411772774013 0 
0.27818877126873476 1.4625729042943725 0 
2.1285479047969913 7.810496603456913 0 
5.973843267897825 3.2234612930472695 0 
14.524414102411976 8.424058422173111 1 
15.479819536861237 4.80951458548843 0 
13.455260110233578 1.9639587857879826 0 
8.261334322143444 12.585284372689216 1 
5.683113933533863 14.058234908445854 1 
4.20927944083666 16.093234902836716 0 
8.156792989366837 2.9947735895597205 0 
6.772231558369017 2.2624888282563727 0 
13.386480692702388 12.601626720917311 1 
6.150931344949084 7.714943291260621 1 
0.5251815808878746 17.54077537001159 0 
1.6498227215668448 12.936926259330768 0 
0.28112868068093544 8.391477035122442 0 
2.2380094997369104 17.44758910332497 0 
4.188156608150333 6.4856503044470255 0 
8.865097499677956 15.596835605215665 1 
4.863206197639018 8.702968633448915 1 
8.72480290885457 16.575722362359006 0 
13.786657783236675 17.840286339950808 0 
12.918672457543527 15.792984949651402 0 
11.864053172804743 14.717202312603849 1 
3.583071574593737 11.811823615378545 0 
0.4080730989301262 1.8364301172353015 0 
7.877856273989277 15.199057613078601 1 
14.543334265620922 7.185833988278862 1 
12.576755078949375 16.27946155530787 0 
2.5035188190715107 1.0553326718293943 0 
1.4837674144910662 7.083692298222735 0 
12.67627365620024 3.8702273092981643 0 
2.5737790062778676 7.653929068663643 0 
5.884721734510854 3.780906546947951 0 
18.799343260513652 7.313552755445356 0 
8.869434776698032 10.799962424557073 1 
12.16115598165736 15.172033477345275 1 
0.16678111558399822 17.72366538612053 0 
18.85778477467663 3.2228464601470863 0 
10.07967925354097 12.042965767397103 1 
10.342163722454687 11.061981783200638 1 
1.1136363810648686 16.411584276133738 0 
19.244093377256938 15.580474973634937 0 
16.226511477689954 10.01459400663126 0 
14.276424036414904 3.9039050592868807 0 
12.112986721661843 2.9237377230562167 0 
0.32507144691291456 6.83818574868611 0 
3.9536100515279338 9.964914934138276 0 
15.649127611347604 16.264014607937682 0 
3.3465038404538716 16.138146257842457 0 
9.787210257155746 0.582297512111023 0 
13.681256039105548 17.63770931035339 0 
19.006887663712668 18.34179613429407 0 
17.3367321881861 19.07673032993629 0 
19.34637899387281 1.6469378703751514 0 
17.794421594407886 4.549431674138695 0 
4.972678241717949 13.003456732636838 1 
14.009450096811447 15.572368735893926 0 
0.7751715623495925 19.95777670571558 0 
15.587591262371156 9.40088649634311 1 
17.663566869599503 8.206030218938414 0 
2.9844461464875027 6.6656722380356666 0 
13.453242872238851 2.104887436333176 0 
6.062722815313872 10.457764639338329 1 
16.733989097087548 11.922734661110862 0 
18.880635351119363 5.260406570916243 0 
9.865675092286592 4.293953810726181 1 
13.972700615416322 18.30870933361721 0 
1.8031566253371878 5.164504155329366 0 
11.593070859072261 10.061351414741864 1 
3.6900966947552605 19.158821244256586 0 
9.426326041549535 9.495765645424852 1 
9.66703188858741 4.410123637629839 1 
3.70687681277575 10.105626818161248 0 
9.511570477313228 16.815334250338477 0 
19.718802038112763 19.2134380981094 0 
17.978425787726543 4.700623743681936 0 
6.320302399908 6.462121146115811 1 
13.504690478383445 4.0119634398908595 0 
11.756096162370754 10.155805275735384 1 
8.45206522895973 13.163047892077778 1 
19.685347390386614 8.095252691606012 0 
14.539787991232958 12.545383584963673 1 
4.459609866970029 0.30038210399924825 0 
0.49108182400271483 17.669693339803118 0 
10.640395770923721 2.827963740403443 0 
16.24649903343436 5.565524368049344 0 
16.183252882243526 12.50522532121022 0 
12.742652514983913 6.278249290411891 1 
10.899909219764393 13.243398979491978 1 
4.790146918322675 7.0964570069386745 1 
12.23032722423817 9.166400982001463 1 
9.121258660610899 5.459327426842675 1 
0.6348461971719987 11.433576519179326 0 
17.749665101125053 1.0809870149399292 0 
19.931242160263096 17.45648428110791 0 
5.83030916632498 11.442783288401543 1 
19.705269351988694 12.99837136476807 0 
16.488940913077794 16.396936418383405 0 
14.653974477697641 0.4153850192779096 0 
12.66595037269689 13.87027194855666 1 
8.382659950398956 8.774733632366248 1 
10.533200904633125 1.5531787350305937 0 
13.155539893271001 10.84226278755358 1 
4.8036997316674235 16.643860383448185 0 
5.0743162956560965 12.562982686297172 1 
8.59746530426972 3.2424347625932493 0 
19.871445760382677 6.693274183211608 0 
4.915267058101009 16.87743795176172 0 
3.7904298096350053 0.8270454031448704 0 
18.329143496652133 10.308144739551224 0 
4.149783053757872 0.9488546050885605 0 
16.555440662228435 10.434609186182428 0 
8.913471453604508 4.6867934898149795 1 
5.1754734335828605 0.423440142382534 0 
17.33253254707855 15.640955310853585 0 
14.8812712844777 2.967731346446447 0 
16.993723697283254 1.4594496507431565 0 
1.6130303906380306 19.173477098831736 0 
15.79302992035434 2.184435713356474 0 
2.2748566465983733 2.21130407633801 0 
11.013352989987927 3.1133130100349016 0 
19.3529881501085 2.8164748882128743 0 
5.630726489979745 18.33243522379775 0 
19.923882374838314 7.222600818835008 0 
13.334321169687467 14.129698595353302 1 
19.430737254792888 16.439238658113734 0 
1.8682850115781569 11.356840746753189 0 
16.467879852964465 19.83935068244318 0 
7.322715136060419 0.5120594278875368 0 
15.100669232215571 6.966027240006314 1 
3.590984768178902 3.846238074281547 0 
2.240358224384713 18.090835471365168 0 
19.40271282684705 14.125227443103416 0 
16.505141902641277 18.883178773138653 0 
13.61013746491597 13.815021938964902 1 
2.1644149595125173 19.102247937782444 0 
0.015758005304649103 13.613342832370932 0 
13.946258129819789 2.476349291659885 0 
19.498284529275434 13.836798799263102 0 
16.333244202884597 8.9156515630443 0 
1.9384439347006888 17.962698175920547 0 
12.47758105939159 3.7007711802226373 0 
3.5132816851574145 15.394814057431173 0 
6.947912211710974 1.6683186752969736 0 
19.26542347091881 5.331168104915478 0 
19.583676924889435 11.026716732881201 0 
0.5469413707779247 1.2055299086533844 0 
7.595434588432295 1.4754279892493094 0 
0.8681204436588441 15.290067629260463 0 
9.130510346114074 15.931257737822836 1 
8.976737275860327 5.092260729173306 1 
4.312576077927897 14.678021215171855 0 
1.8902287787280936 16.172961026675317 0 
6.391176471651779 13.089000217881722 1 
16.42831643810182 4.760663373000559 0 
10.490056501916689 11.494190440491431 1 
14.719831306353534 10.52925361102196 1 
7.58696218666749 0.38157519065974865 0 
9.281123836177954 15.706366394235353 1 
15.17189815604247 12.964583818230293 1 
10.634183561904372 15.742382853721503 1 
18.05894436293468 9.788423496919618 0 
10.55667389845701 18.43508951844861 0 
5.140793109982267 1.041608961493663 0 
18.73929708808442 12.112506862615493 0 
3.2168755133288163 6.526929911069848 0 
15.207401341461114 12.022198352166015 1 
5.597904230886108 15.209988876428898 0 
6.84973003055402 16.443045598403565 0 
19.639997103581216 0.8438053993341121 0 
1.954250088275229 12.511269896569155 0 
0.47431330916182013 3.8520514350000146 0 
11.631885006429187 9.940962690071213 1 
12.709954537632264 4.473866330214486 0 
5.154350983795448 11.645693888877258 1 
10.15030387896936 6.001123938545834 1 
6.284644673035025 12.907212257297822 1 
9.825393742864453 13.270640567439413 1 
0.5006738504378117 14.85332838081833 0 
2.207692481089949 4.3866647350195915 0 
13.543955318677485 10.002464945699945 1 
19.248609331572627 4.446453171651699 0 
12.493212078028535 8.4052961666496 1 
10.388052894862367 13.915088252298647 1 
16.026377498302114 9.456286041376705 0 
0.8740423507142925 13.674209970753273 0 
0.541323321045093 15.643391953487697 0 
7.0984105919314455 12.875309738549896 1 
15.95025456914666 11.564261544383958 0 
8.855501727509075 9.7711243579827 1 
0.5585971619317309 19.825107658232845 0 
8.651693123738461 8.069683083995123 1 
7.706048180369942 7.372530448062209 1 
13.200283968169167 2.5182128390178393 0 
14.303891374143065 19.596823489751923 0 
15.712924623367408 11.020637339516954 1 
17.396388568201267 10.25404762371738 0 
12.570282047729888 15.854340497672466 0 
4.99420840216831 7.8863113933418365 1 
19.577410490470758 8.124870531381326 0 
2.155147359235914 14.621167022060957 0 
11.379297302918152 10.051481791925346 1 
15.889937336114015 14.924554199416939 0 
18.49994592462577 6.0605204128016315 0 
19.288767185661545 5.428930467048525 0 
6.733740490372295 16.611473157596276 0 
17.945347132913255 4.856078999119314 0 
4.540012609111324 7.873457267175599 1 
4.7844601871056 16.552031038421113 0 
16.49127541711344 2.9091202661648086 0 
0.2944696937045177 1.1213037079159993 0 
9.862736284147056 10.135234073063433 1 
11.210374032488964 5.271868595463589 1 
11.811130974565495 0.02788729513557353 0 
18.510781809565618 15.952707673557038 0 
17.39210887591945 12.006649391542918 0 
9.060591856990834 18.4184603813592 0 
13.457992991705991 16.024565946051773 0 
1.2753656373095268 6.282364112848475 0 
8.078096084391653 2.8447170723815174 0 
12.617603366603108 5.837789679057317 1 
18.183316359906183 8.624833327171139 0 
0.708868967659162 4.1147854722950195 0 
11.461054035528282 8.256753151061858 1 
18.003757528122662 18.66220968099963 0 
18.540914769471698 6.456550714904596 0 
16.35935246482114 15.769618250664905 0 
16.758883087164214 8.863304443401653 0 
4.076784494042725 8.107211616082155 0 
1.3496923317937792 0.7759900191649982 0 
3.9147477665733343 17.127849061101706 0 
12.19527579200614 11.519779611357421 1 
14.092049888237963 7.81531097529607 1 
8.14490885168813 0.290363429140319 0 
10.370807596412801 1.5013072068314126 0 
11.733901217211876 2.0791678803660862 0 
13.819115580976797 0.024088290681121283 0 
7.144328245404383 7.631451012891921 1 
9.025986787801749 10.550606675049767 1 
5.158675514619224 18.398481501686966 0 
14.94963984107182 12.008734766867867 1 
11.489638521969779 14.893983709630508 1 
3.9867355124573445 7.048317558758493 0 
5.285412791525745 19.920405663391506 0 
15.119630226099295 10.020401113457424 1 
3.5668426037712853 1.2221349414970106 0 
1.3554600760965396 0.15435148407803245 0 
6.923350751509824 19.502291487366335 0 
16.479064000693178 2.0234192816813623 0 
3.5813379134119394 9.282353245091855 0 
19.702639128646435 11.53622762589308 0 
18.678161317920647 13.48814611494274 0 
12.525588022418717 8.20266757287942 1 
3.5971907537339476 16.45154088819876 0 
1.4657036259212464 14.224579921559338 0 
15.745317737153648 8.500925819377262 1 
4.832845247587539 6.245087657765662 0 
19.266926385664586 2.649966620513906 0 
0.8423425681299745 16.086996595494497 0 
1.98447062764888 5.931658041524511 0 
5.573290559997719 11.38985982844609 1 
16.471756453562037 14.66317032268132 0 
13.429729528204522 15.830107865056373 0 
19.293063898541913 3.2152834013203213 0 
4.968684920649684 4.554842514923225 0 
2.687455906596503 7.327026602585585 0 
5.126655374920988 11.251474169072715 1 
15.081504129309875 7.091112750391215 1 
15.752966933429 2.4870774294027265 0 
13.618488521719375 9.003920365072561 1 
5.347553076743177 1.3360614106150126 0 
10.074948036343923 14.438641162071779 1 
5.360942636941253 1.4238101011999982 0 
11.204011982524717 13.099927477267636 1 
15.735718947355577 8.642991430272684 1 
7.84088636085531 9.950054827032584 1 
16.036700782146745 13.632007743307351 0 
3.24950591625196 14.437874023237978 0 
19.984465930305173 5.790783504281296 0 
15.417552705431468 3.349976825209251 0 
10.61663822140635 1.74227843028673 0 
6.921478237108209 15.99498764274122 0 
8.404938522528331 9.223673783932343 1 
19.13279778333618 4.527951103785977 0 
10.114935123346847 13.396876117895607 1 
1.8703981921273694 15.699916864853758 0 
4.040007778029302 0.6972000369113718 0 
5.739282363343219 4.173324784390882 0 
17.224698700017136 3.3442998356005926 0 
17.431812330381007 10.486390801921651 0 
12.526487141194714 17.79213807001899 0 
5.656471935576619 13.119159493153951 1 
10.615384557739173 15.079915613329645 1 
16.798878197048293 6.91980564247549 0 
15.93083465454416 3.693826574720118 0 
11.7959205683912 6.591603543866027 1 
4.252501957903656 5.978240749064709 0 
9.347545157894983 19.94584682176169 0 
5.563355899851354 16.423730211999175 0 
4.9867481397579105 0.005377709930727281 0 
16.55985586978111 17.194205139034583 0 
4.938334707902959 4.016230191709922 0 
6.539856425123549 4.405028163123628 0 
6.388707855169935 0.8034704181882235 0 
8.215652053540799 11.479598794351073 1 
15.108785750310073 4.786885851738818 0 
9.700539628242979 11.449795232340074 1 
12.325796783804318 13.259429017676904 1 
17.96376140973916 4.158963637810649 0 
16.351710158700097 7.901786038825238 0 
4.820525750247775 1.3285147702182343 0 
9.204586987806431 6.4308661750887675 1 
7.5021623583064105 2.864069048663833 0 
0.35305486906394234 17.03145938512652 0 
19.823567551705946 10.355814651706263 0 
19.14598981155732 14.28837334333139 0 
15.636741124428394 18.218666364064163 0 
9.863287915001425 1.328742671377412 0 
12.378886298586643 17.459750067204524 0 
1.5940240587015087 9.202630451895315 0 
9.626981727984749 10.08271175927548 1 
3.533968383897599 9.796006757422957 0 
12.591078983575425 2.4337464765522343 0 
6.674219594107347 19.43929461687246 0 
2.0646625686854536 5.827785718576662 0 
12.108871724447747 16.506092264350066 0 
18.161689034634325 2.408715098794625 0 
3.2071476689040757 10.764502683349493 0 
8.54154605210419 9.532505836387912 1 
6.743770823909687 5.20945601404139 1 
15.01997154866303 10.907728947744623 1 
16.31242043189927 0.09994579687881533 0 
19.611418941544535 10.172588179349923 0 
18.048460654426332 3.209896464430537 0 
17.75318744054189 1.7476629646407016 0 
4.5246802244430695 11.45634559363624 1 
12.805102553539445 5.721415805832186 1 
19.77015878814079 12.865308576166646 0 
2.1022307625550885 9.8183783346398 0 
5.384422601240266 11.372290181918522 1 
14.67663096890713 15.121417813915812 0 
10.658805655841066 12.78940260176887 1 
0.7429103577887397 11.522789251993508 0 
10.139068758473986 14.394971687155614 1 
7.603341905473968 14.941415063923946 1 
16.124434378212527 13.243026781175633 0 
15.198620763325517 4.039929946922007 0 
18.940476974900456 18.03542545894063 0 
18.239109088946222 9.468558565465075 0 
18.656484542434168 13.57160905535939 0 
4.357883721506788 14.618061035437256 0 
3.119833806933161 14.419625946337504 0 
9.103182345830739 13.784867069308888 1 
14.227516056154117 17.242270218618327 0 
1.0630431783519967 7.590157196899869 0 
10.430680308214463 4.143066944503797 1 
13.586576433570594 10.787433253632413 1 
14.92781268048146 18.45980053802012 0 
15.428114510971128 16.655941388693034 0 
11.638391550070445 13.689126157388486 1 
6.966582456474302 0.3795717784126307 0 
4.709694427012028 15.281030903555555 0 
10.789714829588258 18.92236276071091 0 
0.4307965135076497 11.811309956241065 0 
19.9137369464186 3.5867746043008353 0 
11.784604649669992 11.228480249968202 1 
0.06741275624623455 7.649557234811608 0 
16.883636200348036 16.375087766974577 0 
14.700305326477025 5.258836229452612 0 
17.66887610437199 0.8972369343857434 0 
19.646188712870888 0.7100879428897078 0 
0.4565554638542557 6.572539302985114 0 
9.322637437355258 18.34782782338285 0 
10.554040785904885 12.839569658323239 1 
14.053289710627332 0.48452745127982144 0 
14.734652554918753 1.5960358175356948 0 
16.657967351817803 10.70875744101935 0 
10.049487251284743 17.978410200748026 0 
19.57995304354988 8.118095818975544 0 
18.124117626849095 8.684340238462875 0 
9.422908010805989 19.204764201148667 0 
4.946903952115285 10.778000894645244 1 
19.378258163739613 10.367721168415008 0 
6.234745677564682 6.122663269217905 1 
7.577091363424088 7.128307676898573 1 
15.092261206002462 9.047322199067443 1 
16.081343167271765 4.095538571658446 0 
18.683263318498845 9.38734276121136 0 
9.621135649992091 3.349486858421904 0 
14.504132299255009 2.622426082613125 0 
13.130941367716884 6.452271619797429 1 
19.95696097623558 5.20600116716987 0 
16.026196098315687 3.6617242773342173 0 
1.5065130026819928 16.425404025624573 0 
11.03376188569299 14.428783373199634 1 
5.636317238070641 0.21843094184927248 0 
17.54186208606234 2.9019481285112225 0 
8.23774542606175 3.595566076043748 0 
8.38327703338834 3.180440284214394 0 
18.987903945061603 13.370699326075691 0 
17.274583133972595 2.257044537495516 0 
14.833807823375533 9.545921473749031 1 
14.281206475185348 19.998549073153466 0 
16.895243816704536 4.885068119846608 0 
15.008010674170665 7.468707795450573 1 
19.26898327405308 16.2786938914077 0 
2.3492185718601166 10.83816093975094 0 
3.699707088038946 8.06740028858012 0 
18.513218711460926 17.38422992795105 0 
4.021684599978428 13.411835657745211 0 
1.8747617585689058 8.834659009109739 0 
18.453993336000412 3.6804224140341035 0 
19.97635688498374 6.465866142207832 0 
14.485692383412573 10.25658051675762 1 
14.0853475318991 18.401626973999303 0 
16.939819227029133 9.428626712025832 0 
4.065148715404945 2.9100825160081856 0 
8.86062096863937 15.23553663692541 1 
0.22021697781386074 17.257307584158152 0 
16.58728124108255 16.062861212513102 0 
18.56299825363036 13.870187449576925 0 
10.265296823976476 7.544958215770341 1 
18.7250327255806 19.550761872663692 0 
13.649713037628414 2.1900327713723566 0 
16.529030424148388 17.31714609757988 0 
8.614612775508059 8.108399887725275 1 
8.648799883591398 6.987030806241144 1 
12.805267191600379 3.443194611770559 0 
18.237451911804918 7.749666952067096 0 
9.739273015821048 12.150351047303678 1 
13.119907099818331 18.371335351418818 0 
8.337431120341641 11.949424578092213 1 
10.327218415079532 16.92774015786035 0 
5.752480938461524 12.796691511028545 1 
7.188070668442672 17.797881149931925 0 
14.45720702116629 11.491408876406107 1 
19.410505943621242 13.833869155339187 0 
12.553458196107982 2.070342437750381 0 
18.965694605289766 6.952378388066551 0 
10.803476593506803 8.729730651090248 1 
0.895041491714621 13.73287354870629 0 
6.154137946711109 12.026187280743095 1 
5.800267140076256 4.395351962201621 0 
18.03282105029137 14.21633168261418 0 
15.513697666370136 16.485083939163044 0 
6.3461571553644625 18.553962703408224 0 
15.849181120682083 15.9461609690921 0 
2.721299097479759 6.937904882429933 0 
15.84941216717427 7.991547826178835 0 
1.1710010661126846 0.9806345135264616 0 
14.805773236347523 2.8187652813040454 0 
13.663935703329358 7.004771878572322 1 
19.75211175445625 19.97807137462787 0 
2.8441309013955385 7.587382634377928 0 
3.7924219091014666 8.006137562650084 0 
0.2729816304096633 3.095775052334633 0 
5.648146027177397 17.584688931598645 0 
6.715700315940092 17.099780585292336 0 
13.775201479771654 2.0559256047932983 0 
17.89661464335271 7.9217862574019104 0 
12.025579365165424 17.411740397349135 0 
16.463181329536244 9.56158084202663 0 
18.385374549883245 13.463217345039526 0 
1.6110948996763508 18.30718572295416 0 
13.868942357181147 1.235850241149925 0 
13.128334348319381 14.329356235409827 1 
12.059780938050942 8.051959543195572 1 
18.937070166771854 10.095714016815583 0 
0.4210467752877989 10.318056753996984 0 
19.433056802775607 17.980393246335428 0 
7.7648229048746416 1.090628892549308 0 
0.42998527749211757 0.2114609339629503 0 
7.492436984626931 1.4195118264673057 0 
8.902817945336398 1.9867769382347844 0 
1.6236233799647537 11.51261808276016 0 
0.7650911678230332 7.3748772672741 0 
3.914699962909074 17.277755981424864 0 
9.531216071351663 6.6187306664489824 1 
12.182556375172783 16.570468045126642 0 
6.2276737490509255 14.5034067753137 1 
17.32094084249338 14.571180011818686 0 
9.738303048088158 4.040297743928294 1 
9.438656192518186 1.6637202816130636 0 
17.76143269570224 6.506223484303513 0 
14.583688405368635 10.962942261203622 1 
4.27307416542821 12.412464998203024 0 
14.349294800741301 18.41172232257349 0 
17.95436991080177 15.556837077329837 0 
17.010193939775885 13.052735558316629 0 
17.594863320978373 3.205815031351429 0 
3.3120775212805276 15.771300398675518 0 
14.47227431268249 1.608206466936768 0 
15.354941032670608 13.01930637506765 0 
3.9176401621161627 1.7422057747479647 0 
4.636560538361161 2.430163219888095 0 
7.829897281335532 17.730916368793572 0 
5.235387603603678 10.390059123977672 1 
0.09455480480941691 12.743086349976709 0 
3.868639884962337 17.57072542264271 0 
15.792182465339513 9.192540695694852 1 
1.53701743124254 10.590035698989906 0 
4.676183599310415 6.874039859772195 0 
3.64303085087762 7.193732411198928 0 
9.064883828449561 1.610427323549819 0 
10.055990479596437 11.559940779155387 1 
18.02361889624452 3.946973813863679 0 
6.97664157861333 10.770309834375258 1 
3.401011247755368 13.540184793280588 0 
13.726649187251589 3.2887273857840227 0 
7.28092395395157 19.362232871033275 0 
13.525886447936644 0.7543071910703736 0 
10.917345343730434 4.19768206298574 1 
15.270892337280674 18.94903363968299 0 
4.091585345442532 1.518304110183526 0 
8.408085121166051 0.8423504262593196 0 
14.919551436659289 7.219028827069838 1 
11.741653981155487 4.935596365964228 1 
18.479857474403946 7.540363163599022 0 
9.314785191318153 6.580286546201197 1 
19.71473576038236 13.506284577794167 0 
5.355510323590527 7.884464465506344 1 
9.97252033922038 16.89282728703583 0 
0.9697874504241755 12.572825624075364 0 
8.295441278842134 18.53760747120041 0 
18.683392207638487 15.692487240261542 0 
0.27519711450864737 17.465756121912538 0 
8.994952759515957 15.438655827482455 1 
3.154109744195226 2.603643972697194 0 
3.888985696693128 14.707235571114008 0 
5.165069815129804 19.898940134439066 0 
11.667540002787842 14.779061836883578 1 
9.981419448837139 19.318304109484863 0 
4.740393512240233 14.290450277034308 0 
4.5747425270884 0.48041809694183923 0 
8.046535718885107 17.115523300486792 0 
13.965546138483127 18.307830180454836 0 
9.679108112593449 6.085716509297869 1 
19.08031429594854 5.330954736726414 0 
4.274458567224897 17.258543671295463 0 
10.194666892869847 16.201442797310182 0 
5.818626602124626 6.979156284012385 1 
12.459010532115853 7.623435110599628 1 
14.87521369091068 19.57042589805355 0 
2.1404941444484726 3.0426121809771733 0 
0.6077898736702569 14.091156938512505 0 
17.21279013486885 2.363524791050775 0 
10.87046704307296 9.600924044422893 1 
0.12086837735293621 10.780712927450981 0 
16.753984571587097 8.866326186856208 0 
17.096391065716375 9.52413886608456 0 
11.852583314007905 4.6854343900847635 1 
1.1377230033154317 5.951620616364586 0 
7.066276266731082 4.1972826026959575 0 
9.236509974116933 17.86660114735659 0 
10.717729974743602 12.858996848731806 1 
6.272895994915988 2.4803287134496466 0 
5.487601729961689 12.294315641120477 1 
12.587181029043574 10.212831750493539 1 
5.739829331778312 18.16840734561749 0 
7.899514349250438 14.023884858899384 1 
10.618435202427502 9.93972604208546 1 
10.247443564161678 15.800906931245127 1 
2.8132191690146136 9.079745480877259 0 
8.028479701548918 14.800614720227838 1 
8.750894045850014 9.441375900275641 1 
17.14037277751963 4.277394928173854 0 
18.273830113479935 19.55599725032103 0 
4.3467440251337175 16.393252079917758 0 
13.775654505152506 1.3908850321799804 0 
7.003925099670074 17.042981910892244 0 
10.308803040025953 7.015117453260061 1 
6.996392915870606 16.146448767806522 0 
9.191298924904201 10.1164347452129 1 
1.8768663468270175 11.227196826463391 0 
17.678530794631783 18.247896334825498 0 
5.913866783363693 15.337972319224889 0 
5.86942632560846 1.8108280437214286 0 
4.9674480103019825 11.505599291410444 1 
6.84633445959161 13.882867000403046 1 
17.96970806274468 19.712444499718487 0 
13.43068347350788 6.230933325732484 1 
12.05037952110101 3.9948400108295945 0 
19.98388315010365 0.07953745899034415 0 
2.297515140723305 1.465528066205144 0 
16.857244849677166 3.485943776843028 0 
18.347078813088107 13.147571743421636 0 
0.6250393479942384 1.4071745132308666 0 
15.488726534839795 14.794735803692316 0 
9.744233592676038 6.167057903475392 1 
19.53721073442708 19.47115420409602 0 
4.1591462759948445 10.031607432289016 1 
19.170970961214927 18.510346013273157 0 
6.2576684797285065 17.77394635086124 0 
19.35465153965224 11.80551698151616 0 
5.509083117229179 18.19087930756662 0 
9.124048641248477 16.574209407761202 0 
3.5555477013164705 15.703890801000195 0 
11.778171213805573 14.035578136662783 1 
15.024104293168357 7.336603353143651 1 
8.000981362248524 4.510199844751317 1 
2.470403182610781 12.405108016005755 0 
0.7700243672279994 5.444510626448968 0 
8.738275110129383 3.2465968590452476 0 
3.1193182276170606 3.1758448613965373 0 
19.298359331942212 7.950406052910695 0 
14.788243693771195 8.735776688904204 1 
16.49375956327486 11.160608687377715 0 
17.591004224576857 14.748693005698751 0 
5.922987360902834 12.166813120867971 1 
1.546314672064233 10.50099459660094 0 
11.630765324609149 9.970084048186049 1 
10.018309806557967 18.839109390894112 0 
14.480206397873616 0.11796525124502022 0 
6.9961050969256355 2.656884074528598 0 
11.656325614477625 13.425048497602159 1 
12.761536447960166 3.367434072401725 0 
7.429333488668146 1.4771373423894207 0 
15.13931769338462 7.1862010670169845 1 
9.843751544359334 3.4033090700531443 0 
9.661842976832071 4.346615807833889 1 
18.652565231618908 19.622732635468687 0 
15.571381893100202 16.853871743215894 0 
7.803194013122853 3.399815968570432 0 
11.853647512329637 1.4766360877964613 0 
17.50996654698 15.274235684438802 0 
15.592933974627057 8.918681335009769 1 
1.6934012938129683 6.379910788504479 0 
12.966867074905377 0.7779972430865345 0 
14.291663291180663 16.047125665676475 0 
8.034080180984713 17.330258519044687 0 
8.09156499940405 18.3344463040916 0 
5.646750940919423 16.633726844530393 0 
5.988395941090312 1.996158843129776 0 
17.5595430685174 9.98447597280203 0 
5.478814963616772 16.896687976058473 0 
3.4597631276285257 18.785516847861416 0 
7.609732840474552 12.189691437097121 1 
17.41525179355979 16.0227881899281 0 
1.1712295546307816 5.725640512304803 0 
6.685865127553994 19.71012597718924 0 
9.842863949356847 3.198422125809124 0 
18.216628884993987 14.783485128375633 0 
2.866775237268524 5.418328449494492 0 
16.12813473778951 14.617109717778726 0 
14.040048655237168 9.67738799743474 1 
15.01730548857384 16.349336905197347 0 
0.71913176957908 5.010154534032676 0 
5.896200450721714 2.764371152982974 0 
1.5733035204728951 19.809312757726147 0 
14.236027392736474 9.101252999459613 1 
13.649565015238226 10.950752188163502 1 
0.2907811900346835 18.66018257219426 0 
12.170084273412467 19.805639347851226 0 
5.5790947751173325 9.43251921250763 1 
16.61278796807711 14.821566685815935 0 
3.249408559338496 6.4785769761984096 0 
1.7036246377110897 1.2943429440180543 0 
18.57402285839042 18.832868515802165 0 
18.433899048973725 7.613029679649788 0 
18.602197625347145 8.987364201015932 0 
10.091786798944163 10.98740931383843 1 
15.694163474840526 4.356971244808565 0 
6.2814140503377285 13.195258803562774 1 
18.170187393239974 15.58884782799307 0 
14.158175668746951 13.402955689324676 1 
11.402808921374048 19.15294783414962 0 
0.5183792754216099 7.344630247289789 0 
2.008326902314672 1.1905448453923717 0 
2.150493723448441 18.972910184721957 0 
18.235902681166703 0.6222955395094276 0 
12.630494059981173 19.86514294655764 0 
3.1809983516771068 0.7481704374923148 0 
18.7417090895466 0.5311748132962557 0 
6.595803710758648 15.73177016474224 0 
13.006710489957754 9.350315977609815 1 
10.360325457884048 6.194336538718739 1 
17.612039500915476 9.471136112478604 0 
9.367624920182982 6.9890037833802365 1 
19.9026390127286 7.197871180418973 0 
11.584986773779956 12.650151969096807 1 
3.4057252352546996 12.113344770455729 0 
11.976010919775222 14.607965577049299 1 
14.279992514482839 9.048888260358739 1 
16.424042473582535 9.409257910715397 0 
6.8488799499214625 3.2430314577286223 0 
18.898629733039776 2.9101550458519276 0 
17.171002263903443 15.147962901476529 0 
19.5753141895667 14.016459221951067 0 
0.04099990132851561 18.13177421266228 0 
6.2616375270685065 3.860959778925539 0 
15.859702717572224 14.815644640997816 0 
13.575869274253002 13.625123189111612 1 
5.3641004465572495 19.699450310029768 0 
2.9299444937751384 9.105673956983297 0 
5.8248573473066845 11.142568933296754 1 
16.89135518055843 19.989810686648898 0 
17.137791185274587 18.558963672921685 0 
5.610961342336704 4.064406590047238 0 
13.795951069921015 7.200775345526886 1 
8.70018896549589 1.0900353287169628 0 
