3.436409684712194 15.504702269046817 0
12.418961264535026 17.559635502275462 0
3.8058179123003066 4.531374822457812 0
2.571900730545267 15.694747918522866 0
14.879517696040514 4.880980586356118 0
2.9423400636630292 14.886622079945823 0
18.241686962284962 17.189884585353543 0
10.516589616297843 5.59593208342225 1
7.950612032645619 15.560116118522611 1
18.676182530252056 6.382803335126326 0
14.565566730483155 13.94803133479152 0
17.33995391871953 13.619687221510581 0
11.620351214836763 7.080361593147999 1
14.479219005168373 11.034999485081219 1
18.41250230225738 1.1748564928532823 0
4.093572942173401 7.192708701724939 0
8.042227726971642 0.054410722244906395 0
8.643751771901549 1.0868230107375276 0
8.570446616966185 3.3733579777309264 0
3.7491209114551616 16.24675532965899 0
4.579343017262518 3.2880784125336393 0
14.696117249369223 10.668805262787588 1
19.922160295880825 11.04312575413587 0
15.681532640919276 12.4711618665376 0
3.0207175127897057 9.067354926104167 0
4.091993169114369 0.6607986477868155 0
0.19044446288039474 4.992081510310953 0
16.193115473089968 3.092426917470892 0
14.516010694005079 2.5997784827044 0
2.6743968432300647 3.222913942997685 0
10.862877638225205 14.196599603812023 1
15.708470217665926 18.343236575604156 0
17.863286912762643 19.92895678835285 0
8.779005057977773 10.904763995116193 1
18.854999636284703 12.485114523677085 0
15.188395106129189 15.90591207712989 0
3.2842637053304546 3.219062295657784 0
0.12857862681640464 7.487254772975689 0
11.976649349752915 9.23519583509663 1
9.378885278508191 6.765039873297849 1
2.669091234405463 1.5522566457204534 0
17.260594211876825 4.196380700434837 0
18.614715974050732 13.224971055166325 0
1.761481564505094 15.836476394153197 0
11.298475413644915 1.049462282527589 0
11.162519459315732 19.55032431557679 0
8.887602434326059 9.703268374288081 1
15.825568607580037 18.969395234153083 0
8.700399975173962 9.590874189102728 1
7.575392521007231 17.564197716134824 0
10.986282916343757 1.8593447363426585 0
4.624792318297841 2.28711805511431 0
12.511232970749283 13.607261695397879 1
14.892828923126588 2.224638346535306 0
14.463207830256009 15.763471099496991 0
2.9990219636356663 8.357239160284156 0
14.709304391371397 9.094487369299474 1
18.82563741361107 14.845178247159671 0
19.526014772143302 6.634303929694781 0
2.708649200739346 17.897437903351165 0
5.343660481655002 18.571749050467798 0
5.884394679272691 4.7830494194192035 0
3.0547234552782454 4.030485397460897 0
12.25309222986911 16.892952195768615 0
3.6749542107990996 12.71250489396433 0
2.675863519397288 7.155191057064039 0
15.700568822694551 3.1557559159348214 0
14.8415229192769 10.551204997771057 1
18.22543771508489 4.672370601132645 0
12.652441890603248 1.4844283491544963 0
15.776644305197244 4.985126462066887 0
1.620992623132358 0.11129574767647865 0
0.9793753495103008 0.6617690309215507 0
17.499932425536716 19.04481376446785 0
6.786689759411672 2.82162158121108 0
11.570502678929666 7.371564076050554 1
5.628526608276747 16.718263981753424 0
19.352657594168743 10.042583615418481 0
9.018169261180699 8.090753291634776 1
8.682982133985153 1.976399117873573 0
5.420304478112485 4.859142500642404 0
3.6040861598762275 9.2644003806775 0
2.503872736845263 2.192573874474728 0
18.460893335648883 4.142269705333406 0
16.16248984280765 3.378579879138033 0
8.152687104589301 17.604874018068234 0
8.335378388343592 10.467907928467957 1
15.213780228850343 0.5700246027044731 0
9.901221301155507 10.298946960461455 1
18.7080078998093 16.621727112083864 0
11.532535437698023 3.1955412311539333 0
11.229944187278608 2.252735838273041 0
12.823524389909931 9.13914010386058 1
9.654144927847849 0.5891398962284655 0
0.8813397300352288 3.822097432266951 0
19.06667447016732 0.04088120411965823 0
10.337907729556049 14.669113519178591 1
17.85335442836871 9.166190355640653 0
10.837836197492468 10.85911392713642 1
16.069136856756746 7.296755888735484 0
17.39421590934883 17.312419000074048 0
6.07111790786197 2.2422069418263924 0
17.47671380396825 12.100198841105044 0
2.016216063191114 9.093799809363139 0
12.376777711550835 11.677627493499667 1
15.783284880620567 2.0747105303384528 0
16.9897615427123 4.65675216444062 0
13.162494763352758 10.540231431464877 1
7.841058535482601 16.304108749472384 0
14.732452806127538 16.31870802797459 0
18.34478293259038 16.6402888729062 0
16.635622590752195 9.034458027803115 0
15.123509393718987 8.427205093605068 1
17.480116246251733 7.634405331325804 0
16.805751442589198 16.63081053754352 0
6.033535847315552 4.956338863709709 0
2.454397790717311 18.96348598725214 0
4.7228056736319495 11.687258797159041 1
19.812060881633272 0.5463763725056547 0
9.713634382281644 19.617661066442462 0
7.798806068197077 13.550619982557265 1
13.462025094601824 11.289602406785926 1
19.049892439562687 18.222795714728253 0
11.900118685127728 16.732524646047242 0
7.936866065457348 13.312811224547769 1
9.763143006318227 12.301960995562663 1
2.9366658382713817 17.962207960567266 0
15.338535010300463 5.260927763319209 0
9.97954338835989 5.50270623682684 1
9.25236621403793 1.122033404649665 0
8.844659968739988 3.304526222271802 0
7.760750287390961 16.79813585734325 0
14.303335337763743 4.644320899296304 0
8.967239903533727 10.599989681090038 1
16.040417294967575 3.3926454395036765 0
10.60925170182978 19.925876510923647 0
8.941955044108811 8.016349299509429 1
10.814823688098421 0.34865510855693227 0
9.010334662455543 18.322295291026723 0
13.195111592980462 7.055030721078976 1
14.953924385908643 17.33102431253354 0
4.619297324859117 19.816127683326975 0
0.48754701951858603 6.929836062455874 0
2.8492565343825027 17.742153240242555 0
15.561762589933323 6.844133945319342 0
5.724794260456534 18.31599162792774 0
11.664303852342428 9.192992712005763 1
19.423608220228427 12.620202773084173 0
12.632043197205245 10.182506714914263 1
10.9805516835813 7.47102627283061 1
11.909988793571609 2.3321724604135863 0
19.500538089834812 15.962361692852722 0
15.335199363098965 17.79089909372536 0
17.18893906266757 16.524173172904987 0
6.204787373647351 2.71127832676322 0
4.3244157111297055 13.6913397020183 0
0.8762658607916651 9.131045994928577 0
0.6848895048446946 9.136557743057017 0
1.4212512809278888 10.89896787778002 0
11.951844390634285 2.463896327139039 0
5.456316616088084 12.95095239741961 1
5.999164446353009 13.215880805927041 1
17.307997900620823 12.039448781590412 0
16.985200261883882 12.232019900617967 0
17.838693574895615 7.411749134611181 0
2.615464413444726 1.1381993308539462 0
14.37998810525944 1.2493742213183556 0
4.238443634381632 19.887715270230494 0
16.291020127016743 0.9538303447129448 0
9.691857529270042 8.822542498600686 1
12.648598265892495 0.13660789536940054 0
17.70440340527226 9.976746289316898 0
11.261384270436658 8.357361423439325 1
16.675427181237666 14.543937871477265 0
6.4661633165826355 15.846336272786072 0
5.6252940508117515 15.20094809882092 0
10.577227897876607 15.06561876257701 1
2.805515928572093 13.915387827446079 0
8.528178452213073 15.354179994076933 1
11.729542901998911 4.2594654673702115 1
2.576459759726717 6.588203336076493 0
15.8575993269978 15.843145728944894 0
4.923088401389686 0.33213524590969934 0
6.131726342234812 7.108567694198131 1
9.240479152075224 2.892838971545959 0
12.781217900442067 8.31212904014256 1
4.819461918376229 12.112020840712855 1
2.244020786351526 16.7904694038439 0
4.036341532969415 3.118795453717371 0
11.80837765722508 13.480081947295513 1
1.4057087181631278 11.174607105208434 0
0.6033020878525774 3.685238003244453 0
3.6943488635535005 1.5492285577764675 0
18.650558441139708 2.527858824464282 0
1.0547147822405223 19.94232768511036 0
19.448271485592198 13.43391368749414 0
8.43956107817043 16.39616285786326 0
3.498901418192344 1.3690215935165062 0
15.025883692726376 8.710660938210184 1
13.165175755553465 16.624746650698246 0
13.835620789852145 9.03119139415563 1
2.541092763971111 0.24471001750468346 0
1.1215740316012668 10.758100301153133 0
14.858347229478179 5.108364813687778 0
18.60268939889114 19.876679104325905 0
19.862229212074197 10.441249825027493 0
0.4657181882483097 0.15875722781678592 0
0.27718953878116626 6.390239533108939 0
8.498132863121405 6.907204574147983 1
13.45479158182151 17.594041415641353 0
10.874475972898567 2.6206920370746634 0
9.626202194133679 1.3588212939881639 0
9.889782023430945 9.556509715414062 1
6.563471496853377 8.71155999416139 1
6.3705261506970645 3.05633994452041 0
2.171801937671296 9.848190009367737 0
19.89247960542829 19.540128326856703 0
5.213231180531879 18.819184014830373 0
11.747008365517416 11.402185308800695 1
19.533098378439643 12.334021416088934 0
12.729818854814269 2.6026419190989603 0
1.5818790427731422 2.864439995327912 0
0.40384208329325544 17.7222182058409 0
5.340818204186563 0.10129220911638592 0
4.0190939396823016 12.344500551396498 0
9.586647124332352 3.689923490483429 0
5.927651181673843 1.0341314760761122 0
9.785733950758932 3.443854492041978 0
4.127672879474598 2.7319660265461176 0
18.739684611229578 2.527700950310563 0
19.24404537429038 17.336275631749803 0
10.510209247617189 17.99901021379094 0
12.899806978068373 0.6613678670145284 0
4.5649955459778475 19.63265423236048 0
0.7002255810858582 2.5885399166627643 0
17.70921648118938 2.335948127282792 0
17.967874963617117 3.5905678536025443 0
7.639488415312277 16.61055825428212 0
19.28046895462977 12.16479420685269 0
15.768345427573118 17.403241717363322 0
5.012891396438544 7.8322193518351195 1
1.3790879911895382 10.309143636099522 0
18.877397313903206 7.663185407159945 0
8.154393218263207 12.046340191610074 1
12.503100305311774 6.229935059632748 1
15.52371902281208 3.5498561561805886 0
3.2937454571787628 11.860711007900505 0
3.704059326069249 0.8199399743441327 0
0.4471797659604282 2.3968842167201476 0
3.3728835351823117 4.313907163481037 0
19.198009604633885 1.6284318398089015 0
10.051205244437021 4.396770094291709 1
1.2774835048338717 19.696134957911966 0
7.180088054382874 10.053507598995628 1
3.6529695691877095 9.362319753520598 0
15.31362953788724 2.957978161334549 0
14.005620443898941 15.009767776687305 0
11.596479492716433 13.040963700548303 1
13.85362607675937 9.465730788923372 1
16.41163885892645 4.06129332190186 0
16.041424081464296 19.66458551636636 0
17.64327606827575 2.6995905294818567 0
4.71942542888113 3.3778233054948426 0
17.569375932920604 13.144977104342994 0
16.607229736682097 13.389706153164367 0
11.426200593726069 14.738259382533926 1
3.159720350599815 8.406158153969907 0
12.52852636309084 0.3679170549002908 0
1.6558826718925213 13.71653984915607 0
16.41390539229792 16.124303334034302 0
1.977365494117731 17.537548205203194 0
11.381156367935931 3.3716707664477297 0
0.4811894189989352 6.033076562252693 0
4.027808410317803 3.596709676633747 0
3.0984842696093673 10.021904043295965 0
1.3286927603898513 15.12711344745968 0
5.8602184886978215 4.260568287624955 0
11.972068747150749 15.832575988649534 0
1.110650185728299 5.651040845453313 0
8.4255856833705 1.9199247495453187 0
1.1172042915740787 11.705181758013872 0
17.92965978342542 12.623726713727073 0
1.2709776788754379 5.833232805314803 0
1.3488456799929516 8.201529624460633 0
6.268079419331056 8.972470530730794 1
14.944802454846304 2.395435013979894 0
12.464721638610605 2.341515355270285 0
12.49847195877178 11.191211222136461 1
13.848663289937305 19.91684288426305 0
4.419967982962783 17.14541460696359 0
5.486198075581572 3.13738441370925 0
16.611514462642802 1.9080610496134942 0
14.588348776577556 13.486625718850032 1
8.115148934654062 19.99231602686967 0
19.766902411027083 7.537608528313209 0
9.899872802421996 12.52132301371998 1
4.606651135885205 19.0310593078424 0
4.583044455319769 10.06799487841462 1
11.857189071582269 19.005690439767967 0
9.202070721535339 7.703289279810724 1
19.43106123572267 19.74773105740072 0
10.326622197940376 5.217789532841577 1
13.682056830743836 19.930959342029983 0
4.267352862917546 9.696528008343492 1
1.4246685857447594 4.573185951420675 0
12.690696367654981 3.784475900638171 0
16.081767974259222 1.608423664173222 0
6.002658009791498 9.40511227519907 1
14.44917348519641 14.032546918448672 0
14.56437948930018 15.105503478492313 0
6.401772901213221 12.066040665516793 1
8.915265391446699 11.004440921948062 1
6.682647095556781 16.115311152683837 0
16.038418447214923 9.152233045154656 0
8.04030676886555 4.284918795856385 0
9.124275218016999 15.676675568973897 1
6.647469597164079 0.8156265458736511 0
14.922484652976806 17.905919645314682 0
6.86072571720347 3.5219117895595065 0
0.6412363907346719 13.56997834726771 0
17.449660495335735 13.664213626774062 0
6.170658180078035 11.446708797511118 1
6.119507538454664 10.275497857948766 1
8.750055546990733 18.270746336123352 0
16.943106912905954 15.146077046515476 0
15.31331839826608 19.816740285755433 0
12.894778115345016 6.460131458949212 1
19.53169589582962 18.085069660489395 0
14.550819563625987 18.87726644276961 0
10.067944096930198 16.213473279450113 0
8.892519042863663 2.330990628662386 0
9.88864452401364 15.616732625922962 1
3.7524500664364413 18.725679182684786 0
14.020156304326303 2.1741543543295605 0
11.43169556303217 19.985330716538 0
8.238073984981778 14.52565637378475 1
10.67050415898435 11.466782675042833 1
11.73081702120102 11.327187620647202 1
0.3914775912935853 10.934481833230784 0
6.144174013200536 7.790350870732993 1
4.408211730174787 9.228967373729343 1
12.412665275091427 10.408443122221819 1
17.450676873544417 3.1504728072418886 0
3.3258232409379596 17.08686819733208 0
1.5654507793796113 9.633092075435748 0
7.109338351888708 16.542970857274074 0
7.166587083810199 9.643509286979484 1
19.253114923202666 2.0729075468484104 0
10.572988611889883 16.563572543158052 0
5.056595532605341 8.158904547007735 1
9.52582202589869 2.3752294799824902 0
1.864238785543777 16.82172866243745 0
9.726476961960675 12.447983427884253 1
8.769969433326498 9.826773376850648 1
3.37894888512009 2.6016819076041364 0
3.713229812490828 16.079426865347525 0
19.534273980042705 11.223733649245759 0
4.321571145107872 2.5763488029352732 0
14.837072249035137 4.572796378186856 0
10.80410013432482 17.203602538798577 0
12.000637786447948 19.064567167462897 0
12.153222059238765 15.920193427270258 0
12.547084458561342 13.171098297018078 1
16.57750823118664 9.946324838198624 0
13.011367933170032 18.233331879472004 0
13.55492368019609 7.8224356095453285 1
5.080576651898121 2.0958437329394486 0
3.53847902797213 8.367652430073866 0
16.227317271060414 15.191740310250834 0
19.76392824459901 2.4556291252158013 0
19.570024035928636 6.415121842075422 0
12.247980619986292 1.7653488983487886 0
16.138614322957288 13.982099514861595 0
19.459135816024297 18.216696046026804 0
6.086044867643685 5.830509308787248 1
0.7613008387182996 9.546748820092885 0
15.622971732963851 8.091870580496218 1
1.2305503196860323 13.788873536487632 0
17.124940585703456 7.080471466336387 0
4.658352169399178 18.835284376628064 0
1.9188907442873315 19.98714424863514 0
17.179409950892136 11.822659094110207 0
11.689306598169729 8.62399921839123 1
10.804405861114088 9.407871584399047 1
19.245870364090102 10.443496440075899 0
4.966997463909153 17.54083381655404 0
10.142881449446904 16.19636271685208 0
8.320900245661933 9.588817391214787 1
17.163351822964415 6.7066192150100274 0
12.744207677725827 3.289929626159267 0
8.636671319669432 16.363994781942967 0
14.40566342638968 4.209269453060496 0
15.516404473058053 2.5927849783059065 0
0.4378088854750617 19.588414727983803 0
6.617149984082671 5.836836494118083 1
7.874486814297366 0.7282034529980552 0
9.578470610433648 4.247831662200148 1
0.4747683947086734 4.114825936900301 0
7.113463778269587 7.2892638386808635 1
3.4002379775213676 3.7001360310793197 0
8.494581894820874 11.803180368093134 1
3.0104048898955593 1.8934763987227377 0
1.4108257361666254 4.27903879155002 0
0.031599417401952934 4.49048340383317 0
15.401437040207007 12.276353076333137 1
16.34474897068776 2.7771186702360073 0
2.10801673816553 6.939809342218233 0
7.267630810280763 0.4055403434002436 0
1.5757937556969859 19.709377980669977 0
3.3426874236296955 5.049766808651633 0
13.30243644702335 4.532153436170693 0
16.63926132046683 6.357979485229022 0
2.478220221343068 17.24182540691562 0
0.13264557470252347 13.677849138278761 0
17.602842290555895 15.177146856647619 0
19.37253131234127 7.567043957477633 0
12.660093505182406 18.692327745275104 0
6.436802871367302 5.288318829806295 1
4.823657433639179 19.892403971936968 0
3.0550288012762317 5.706149982763888 0
11.607523448149191 14.107406147935295 1
6.638758214815907 7.161302296664671 1
17.217843861696714 10.930149499065596 0
16.427608594486635 3.516738706951168 0
9.020909690321302 19.84811939197176 0
6.0552606077170035 9.921846869729025 1
6.165295655744933 16.70807448911932 0
19.465189131997622 2.9330618141900633 0
8.890901988550086 5.623629457606523 1
8.813732232964064 19.696840836273473 0
19.161926443560674 7.370359873323585 0
13.10603710127943 3.3591915540735373 0
16.393363122552657 18.458189231546072 0
19.653619419686905 7.376814074240496 0
6.239549484591775 14.004637480472582 1
19.093505428910905 10.201918767112462 0
12.295320336892896 18.557272391305002 0
15.490045191859572 14.892657568507934 0
7.144975887028293 8.183380827651394 1
8.794267335913116 6.985661787042201 1
0.03588741579792165 17.264784255208095 0
5.359238383659601 18.92613759767833 0
9.75653748209773 14.181667649067993 1
0.12342324066419996 0.9644541770319037 0
16.51106388127755 15.536349873616217 0
10.650298333376183 19.32120387828276 0
1.697905605147243 14.504589490926387 0
8.853631890336167 19.547451692747593 0
13.984932771355778 3.926039918681916 0
10.70517434642423 17.463025653247325 0
14.55561319808126 8.46018073898702 1
4.89360865918214 18.98182606474887 0
4.989838891874195 16.436981439334048 0
11.643530764287831 11.520263778294035 1
4.624667233254851 11.19014434628658 1
12.911356333920224 6.817686759610815 1
10.31553030957658 10.06934288530514 1
10.28016106817912 13.591814778878703 1
6.8998846469755915 8.63439827600299 1
3.818060153541023 18.263298179653262 0
7.163035924777732 11.628661825230518 1
6.394296920010996 10.990826953121422 1
14.726495281447963 17.8526634550139 0
16.69586147783121 16.765142416658083 0
17.379562383443318 16.166123210152026 0
13.301386821823929 12.70782381309306 1
19.690629194239886 15.61457545753571 0
2.6791830229825697 16.433573360393353 0
14.038842610580582 8.022854265176878 1
11.617783607959735 13.529261842722685 1
18.559353082633784 2.710056330901247 0
5.408582251770955 17.77873898235392 0
15.838008257254458 3.9315874543435236 0
13.121870125079852 11.757899130635536 1
3.3261905314877604 6.7454092998432795 0
2.810395348446415 7.115189890972848 0
3.82136669686743 19.536642056667755 0
16.11193898211004 18.292447300970064 0
8.272520701999785 17.068155739694497 0
9.476426734922773 14.66734508570293 1
6.496968061725981 13.96959723752495 1
16.127203193542016 17.634509760257494 0
8.392723075650947 0.9029902835070924 0
3.7625706503540357 15.588609964869274 0
16.720406077016396 8.167595403493292 0
1.1118569040752857 19.43284461383478 0
5.658947104689567 14.2780635435365 0
13.272225317261746 15.142580693117695 0
3.3598851072426617 2.8697080102280537 0
12.788808436112465 7.54040346252866 1
14.629731730610798 9.195656262345429 1
3.0115643872297326 13.236080626135626 0
1.4823230568787205 7.6047431268780885 0
2.5543101755637276 2.195397638507348 0
14.297594164357651 18.961095746745777 0
19.622094088241017 12.56958349538821 0
11.959196751939349 1.210511733252606 0
5.710364687595972 18.097384902188203 0
10.818563226592365 3.425007997243379 0
9.831008321345562 15.529556191844167 1
