3.1628194558883793 9.952980597934939 0
16.607286326989673 17.398095576269192 0
1.3839209719819667 3.029240353929743 0
0.7155075032090075 18.167979996047837 0
1.881702660270177 6.1028107101897096 0
1.5947520793159042 5.221934991734067 0
7.6946785397442286 8.239279446013864 1
12.99514754867099 7.479235060224035 1
3.0735022974279147 0.10506965403882518 0
4.886797655034593 4.511097992494985 0
1.4825821918311854 11.924110511817092 0
12.233119001150342 3.0055786104567384 0
11.604806574003463 3.133795883041459 0
13.65023569092834 18.000094247211248 0
10.885412925855345 3.3734488364448034 0
15.770768291686013 4.238082720193819 0
9.110901519712531 13.603328497871509 1
6.7103686265728495 13.285440051232648 1
17.240737620173146 6.82833071562394 0
3.8749394758472544 14.921829441460556 0
6.8364751166875575 13.702182710591327 1
10.548747506936671 9.88045668642153 1
14.92470168232201 2.9774182174858943 0
11.913443882402227 3.6262870956923554 0
14.116038735338778 8.576173075123798 1
12.54835367388493 11.049667754770336 1
2.858438667198615 15.7088288920382 0
0.9676496146464708 2.655354572522166 0
19.273548367565393 16.660556914240637 0
10.077210743351618 19.0445961938808 0
7.471624067788452 18.232942800269942 0
8.636529908671966 14.387107240697652 1
11.511045130532807 14.824550698743371 1
4.0608673740225365 8.331775998221424 0
12.705117029990202 2.8933486952720155 0
7.855539760333789 12.552832094358271 1
0.4092334677515952 3.7891058579621273 0
5.416271885557666 1.7706717705810093 0
4.255438755436172 18.679389782288737 0
12.297462344555552 18.29628136127042 0
1.723874140900521 17.88588244719754 0
14.0046995453565 15.03526472793469 0
9.269196051056923 2.427179858021218 0
9.683583891918792 11.30209565596489 1
11.120982084233608 6.915394556725429 1
4.812355297296438 18.393465596138082 0
10.255514378981443 0.8309494506397641 0
12.756211237558418 4.6930054297821115 1
18.60043514851652 11.44784333375666 0
3.538212392530715 8.614160280519698 0
19.403526239220554 19.011606562746216 0
15.561044944200548 14.950791883194842 0
9.144832898001647 6.7566336188363785 1
4.714491000545928 6.599023538301029 0
7.95502248875416 13.909826139622183 1
17.34785639327814 7.751670172889065 0
16.840907620075914 9.891124268942706 0
16.500410051792315 16.014619899832706 0
13.347791429010112 6.146452570559133 1
14.797248872608362 9.24682553145767 1
3.459830437489142 15.51549378161967 0
14.771228975066029 10.978699467523093 1
16.128461895026174 17.19229701633525 0
6.14743611666317 1.778718099594221 0
5.78881886844564 12.424506554056052 1
13.746837511990911 13.234627402590773 1
7.133646087203829 9.577717467577456 1
12.793409698638436 11.442368903161162 1
11.520194996418105 15.941211098680828 0
13.646115912723902 10.320721444775803 1
4.9445651961362636 17.42236869020561 0
4.7322655539515495 10.390590918700742 1
12.535391152619251 6.4464859312259986 1
8.661922381222489 14.21961915939377 1
10.989954300283598 15.805910100345734 1
13.673639712427237 16.97506478526045 0
10.592306734246486 4.219207134903034 1
14.209408458139537 19.215085506332933 0
3.016961344830702 10.861939362951766 0
15.8172087349616 7.235656944765481 0
12.42646234764198 9.218004425374406 1
17.576704307499924 0.48292624929067607 0
14.085465268777192 16.072774719659392 0
3.7001821980128757 9.08455597591792 0
10.00127365723799 4.1294658491604785 1
10.445305735849521 3.496583650781624 0
12.300360081768325 2.363872455141025 0
10.235305112681548 14.420752965637082 1
8.666451394194423 14.54196670351035 1
15.977076492489534 19.189450641316142 0
3.1213589555785326 5.909656493555621 0
8.261415554919534 15.959662421800662 0
17.69752289250453 4.3402054454155214 0
10.854463870456783 6.9620595998738 1
15.984280417053228 13.547410289782665 0
0.9352965798622304 18.264714616623863 0
7.58898770395831 5.38734816587692 1
2.276305214497627 16.28069728317415 0
1.1241591630638048 4.738899741149051 0
5.9093411952356645 19.51828116171624 0
2.7737383493347045 3.474472290563142 0
7.903039440736457 4.5765660108783095 1
13.721163044237956 11.151582019503417 1
8.665033834434787 19.850575625980138 0
5.109400966517333 17.081523400253037 0
18.760876079563513 2.6521832633227294 0
3.2096544851105824 19.47004451821372 0
10.84786910029643 14.924920903780357 1
2.022098164894588 12.81540908455441 0
13.262921174728842 2.786492126236364 0
10.896468665214575 6.54157883923451 1
13.79259390199778 19.017945527534494 0
4.3694201413141815 4.907225554365753 0
19.892376532502574 1.0081153228430861 0
11.417076381745265 2.063439706176937 0
19.09787456251806 6.930509062310033 0
15.512571583356 0.06537354258294048 0
16.089678453754534 15.254807322462456 0
6.6347949743401475 14.426844978104372 1
8.206372629858707 15.594486672849177 1
0.10260217646747449 12.56502304435499 0
5.931626191338728 6.906664479354849 1
9.923315934894909 0.4001108813713672 0
2.930719439943603 1.927473187372386 0
8.619013773562177 14.485748939085497 1
3.188657780684645 7.125691581386755 0
16.275845562287202 16.30507733312651 0
3.0645314000568225 5.730818119816423 0
15.577546320936158 10.378741253100012 1
16.519063612690672 12.790554327422985 0
0.9391291397428359 3.3286363546776454 0
14.320929442303228 13.104899263054545 1
1.7677443352135835 0.9041438801893098 0
1.800538259917932 19.378969411396003 0
15.08695202101385 12.711127989675683 1
6.116905462106004 11.830897200968888 1
2.052119557040357 19.909993304290488 0
6.81950102378029 5.227002424882318 1
17.124468121519744 4.0328388498226975 0
17.677090793059133 6.87734262517302 0
16.516963541121612 14.95888054427044 0
12.628954180522904 10.461620333389295 1
6.8264113939155635 12.223469657917587 1
19.446243822506407 14.835348798364215 0
3.137983765669008 3.5116274847527706 0
1.096855675167352 18.558073150853865 0
10.49596942223545 5.379689091816875 1
13.179609564450171 5.6334690512361725 1
2.744030998664986 3.3760362541531874 0
6.882607163605865 14.510286173630668 1
18.465675932574158 8.94816909896107 0
18.262901964799457 8.222471747260457 0
18.136782229310743 7.991083681589304 0
5.9706055494618155 13.253756141997412 1
10.981686018797303 6.6179939481660615 1
18.618110770334194 7.790880391223278 0
7.927846367482411 14.214047248955326 1
10.492871062472851 9.902590005112064 1
13.285927904635068 6.1285777010820786 1
13.570879713149735 12.61042120806331 1
12.997101103360452 10.083095194246033 1
13.923131355411078 15.036529617101017 0
6.501274185533264 9.790785801864315 1
9.339522804481268 5.3700291649959375 1
6.700472410218468 9.32379952566814 1
4.4918874630522465 2.8792815150857565 0
11.352244482537623 4.83672636830258 1
18.280631239214284 11.599332401467763 0
19.934652909809103 17.503652622349087 0
17.64752876433391 11.685952293835358 0
12.855863087731624 9.5996943527687 1
0.9933027539228179 6.870085684536258 0
10.654810324121362 10.059015632932631 1
8.175318110129249 12.849005394586596 1
10.182345570019047 0.8730247990990625 0
15.884191488428618 6.246019535159986 0
9.316834676223348 12.169899700892088 1
12.464009201490159 14.881789101233075 1
15.190784974283329 12.719640312015937 1
19.696057507515317 19.760992303012866 0
19.879100598675542 19.11512607016678 0
13.369353947895977 14.774877783466982 1
3.439492198643237 8.24444098533655 0
2.4388886987481384 15.13169059077131 0
17.382845246871437 14.929513482526197 0
9.072041966141542 11.333111290968256 1
0.19295363368029284 8.454011016952425 0
4.004255305129671 18.257066005838446 0
1.115299688146858 1.2840113761585403 0
15.219395853115184 3.8997996585426176 0
11.118049363633673 8.461903422180892 1
18.880382203227448 14.111185292898208 0
2.871892372901592 2.6392647962593285 0
0.26461533220789146 10.374852640193847 0
11.721496059334509 9.710592319612552 1
10.39225919979835 13.05626980598737 1
6.11150752972973 11.728708203648141 1
9.738780259013897 18.40426301556389 0
12.78962353962086 12.896282812729075 1
3.2519694477631678 13.334948401316316 0
5.247994488096905 12.785154679001465 1
5.165034381523852 8.471132217317692 1
2.543402023119483 3.3213715460686433 0
6.566991874191075 15.421283840607336 0
14.44510049139711 7.3728137801586 1
16.17663510872452 4.687081921945671 0
10.433353090730694 5.107249608854674 1
3.3044832986976314 16.206171374117744 0
13.945897513036805 15.950230234995189 0
15.992501718617982 13.626418661807245 0
10.26674023340461 8.336591524598242 1
10.13923366142853 5.85517358496382 1
5.056930644100248 6.061368622729699 0
3.2412524513341534 5.101690365986274 0
1.0157476507384722 11.38426595199869 0
10.165617183868601 17.987662295813127 0
9.20404225163244 12.1880508321206 1
9.104653040543136 12.410339530795529 1
12.228697642724422 0.09293999546892362 0
1.3911476281725998 10.858304058363819 0
9.845607772622119 17.854284601458048 0
19.846016015052744 3.3533313689079325 0
11.96129216496427 8.2852115701483 1
8.027506729854208 14.501992882633214 1
11.428948224860715 9.763581476031707 1
12.540947682046193 2.3546603345417916 0
12.184563619244068 9.67178831502639 1
18.20899125694565 3.9110878599832843 0
12.491695500451021 3.2625853434612706 0
9.672194807256137 10.525560059422256 1
18.153925287935525 3.8872846227804425 0
16.725430244643135 15.80075633391003 0
11.288784718359391 9.223948298483151 1
9.823810602362194 10.34616354326441 1
11.451326408455724 6.21321628863357 1
11.725341884189502 19.713329375476558 0
10.767912033678094 3.3249034760395912 0
19.028163046272645 4.866266281725535 0
11.875323616380498 11.32893014952296 1
3.1126784446397004 0.07027250911912253 0
18.90104009682976 17.853028664054623 0
5.740579929191947 9.824204794950704 1
8.217776841510528 8.911436598739762 1
6.214515763890882 4.217602703160015 0
18.795811410906936 5.657372935655798 0
11.835863453423789 12.517663435716788 1
8.754977512231187 12.421296092903205 1
3.1001723072001797 13.563187220432484 0
10.803907222018692 7.51412290391152 1
8.768502666186864 1.86113017374546 0
17.02868349846669 6.005550848408596 0
2.2910874087392297 2.630887510132869 0
3.3078427648556663 8.194353830503442 0
0.5002442672045904 1.167392404466121 0
10.151527162592597 18.03683448909355 0
19.975861821123033 5.4902695807605255 0
9.136757466749035 12.45078595878551 1
6.962241312542221 6.616027671975293 1
9.375435924280136 1.058605251441409 0
18.248836588073292 18.769166351511423 0
7.449485465260997 8.101014487415421 1
9.107896754850703 4.599006899672366 1
8.650449138175155 0.02656834248661699 0
11.210302572443439 8.235065696074047 1
15.755746659171844 14.238340110425256 0
18.378884686791217 14.630930906589942 0
6.788683159266846 15.193247069305924 0
3.7766094964474672 8.433066322142594 0
5.664006094346163 0.33042688708359025 0
1.247428455488051 15.771318911963817 0
16.451248152674133 9.66266361695671 0
3.8997811568580287 7.677094468706596 0
1.7199017221347623 2.2463236396789066 0
11.326760296656605 5.864160450767808 1
18.7696852538237 2.6538768929873413 0
17.949828745468867 6.875705927853573 0
13.453747639494885 2.7896577388029664 0
0.1853220466384653 9.428290037840853 0
12.413874293360404 13.187287980236448 1
13.86545627787788 8.773652126130065 1
8.328445358507235 3.7987994538571 0
3.123197745063089 8.731857912337823 0
11.992644949032114 11.53716589422731 1
3.1925044353896914 15.169319131448836 0
15.615296055551601 7.405058426225121 0
19.988127838883173 17.28795690475154 0
8.589636718814864 10.824481615357264 1
2.8799010566798278 9.003880959395946 0
16.685084103137932 7.4823907733307475 0
15.711467531471573 13.320197882982969 0
18.83260637803836 12.25934668557053 0
18.900722262997153 15.216370424156398 0
6.612713826456728 3.947820552157466 0
8.16060989525041 17.702357029705308 0
17.29327259665211 19.00940531552102 0
16.986526856770098 7.7089666179329726 0
2.1561007179880343 7.670489258140174 0
15.449753102759017 2.01715606918343 0
3.86451319911862 1.1781605893219416 0
7.114438550362328 1.2406335502337917 0
14.255355727838817 11.703802744978493 1
5.089097713892199 19.02771321600635 0
4.667255910518449 15.874298259037271 0
14.78037616589942 10.081084608813427 1
0.3232075544786883 11.81824223395112 0
3.0332558079110594 2.304009552682571 0
18.36989568950053 17.45928757766594 0
9.681186755492616 9.670120538829956 1
0.3422017957657508 6.8625368505929485 0
0.7754704091495812 12.314616221220474 0
10.375030507538321 18.039597362402624 0
5.16187321638111 19.71257364148681 0
8.89933332107627 12.837303336397142 1
19.314549935853517 15.797691943001439 0
2.6845781715234662 9.671454888921406 0
19.05744874734886 8.099827598814644 0
5.093011662362395 18.56106302286814 0
16.31316128679775 6.061977910991203 0
11.976932720809344 16.72943881427946 0
6.95246254678068 13.12929098855248 1
14.39455733436388 12.088427242893172 1
13.468714696842186 12.382732505346347 1
17.671077359910605 13.599848517378362 0
10.36619779665731 16.952503428173397 0
9.944761129889866 14.7559035282773 1
18.0617379808014 10.114054007454579 0
1.726203421024377 4.538374439299955 0
6.954161647428148 15.26426241580333 0
6.6539177078941485 19.60435386680747 0
17.756818333378522 9.142313068813895 0
5.909718970799767 9.746680772314848 1
12.878598134509145 14.76939604098208 1
11.88404269920228 4.960820788095188 1
17.94872907232199 18.041912480726353 0
5.281248151243075 1.4440844780175865 0
17.369609063127037 16.41276010275551 0
8.50402754219828 14.688473271057848 1
0.2502425924220697 10.657155110115163 0
9.114207401305343 12.588142786705461 1
5.021295577676188 6.889613332100312 1
4.224184878961388 1.894105155599759 0
18.663243222101258 4.000293977038611 0
5.1789729268547 15.670539785423717 0
14.45931888306134 15.186180977745053 0
15.947722037474888 2.313347340118437 0
15.213355844656558 5.718298384234948 0
9.014645469234425 9.84442769140685 1
19.179492938881648 8.983532686614247 0
3.464712818602851 10.496011854221337 0
4.93822016077945 17.889261437587997 0
6.981175580467167 11.969262689671002 1
4.673716480829331 8.46162677093407 1
12.07364359074566 16.70303644637606 0
10.796681843485432 18.744022060459486 0
10.21647742713367 4.023358318234502 1
1.0244237311755744 5.461983933889673 0
17.906134417608396 8.030054299664425 0
13.357461198367345 5.200848927438426 1
18.826830295862553 3.591559528162347 0
19.75416700721613 7.777921207172243 0
9.05410029608104 6.813636353875035 1
18.015126308589995 10.156838503162177 0
11.097380543657898 15.804842783556918 1
18.417305314954756 19.728674060824474 0
7.049921656772355 1.5881952067321237 0
15.313490987391097 10.784458435289945 1
5.371540795289178 5.119223269597026 0
16.015941610302043 13.758927877989251 0
0.9827109791549637 0.10770675803423835 0
16.999760555625308 2.496509343928981 0
13.648021085141927 0.32096813446538475 0
7.100991822009874 11.251688020079484 1
8.627722124672434 15.271006303088406 1
5.115934525415344 13.318023153645823 1
19.207072026542427 4.159663157254632 0
8.06142003073698 0.682726330736696 0
15.686651953436213 2.309305966519335 0
1.3124523723088632 15.90990300034174 0
6.335459426728729 13.756630695969012 1
11.647786399457075 1.092189843505118 0
18.606377281058386 12.619684566035572 0
10.08931750485861 15.879055396805432 1
5.154744876988779 13.953261033424955 0
2.785230675664283 14.939130717716388 0
19.698897860717842 15.591927269876745 0
6.471022035669756 10.267904376114064 1
2.2690555398854695 13.152768980712644 0
2.5639662918540207 4.506913695851957 0
15.41202420559016 7.247317292224606 0
9.75333978033689 16.8063719390732 0
9.720301490733998 14.838413486662414 1
1.6297734243386386 10.037621065086697 0
7.342861897908111 4.326298252950367 0
15.837094160032521 16.542905061466538 0
6.728187816787623 16.74219013044744 0
10.972956604498304 19.730653577996627 0
0.04786672841096129 8.559862275008598 0
15.239986574019555 6.55477623837095 0
4.9333418691922954 14.047727717808662 0
18.86056783528337 11.860553861099476 0
0.8774691489949205 16.815832859407656 0
9.909464305335158 19.762105905063926 0
13.333983137934162 0.1755385032049528 0
12.080066743782538 13.685443211564497 1
1.0629896378152148 18.45443881727087 0
19.89940129654773 5.129252092269452 0
6.67738650774443 11.218920626225659 1
5.333059740670625 6.32609368680056 1
15.515757072075171 6.588863678488761 0
19.800689097250903 11.426727789791677 0
0.5634743874266657 11.720882540892578 0
14.545394024569427 1.6031012849103599 0
16.06885651636254 7.586253058760661 0
4.429026318998721 2.212955806904955 0
12.27445353441902 17.373411409604877 0
1.3922761702064235 4.431123168932391 0
15.809806753501995 16.558913222324964 0
10.824055277525728 17.66402458625067 0
7.054641962392349 16.4913586678041 0
6.571795059645076 7.781084975817709 1
1.792541470226292 13.424795999636267 0
9.094985155940098 4.131142911137191 1
2.2198409216626014 10.141024431799341 0
16.439822282374973 13.478319529510808 0
13.441031292730596 17.497730333316984 0
8.199008525730417 17.047879795242928 0
18.37930739831704 14.938768679016377 0
9.985785049207061 19.117082251886707 0
8.691923602265346 6.781889143118997 1
12.479274268500804 7.28736754592733 1
3.8921216157112837 4.543068839108429 0
1.6220735293830657 2.5767309436039043 0
0.8920871608657954 2.7261813041834926 0
16.87734026017436 2.339249929245395 0
6.8840564638623185 17.32370317262748 0
4.919554699878463 16.52547668171131 0
3.3402987112331695 2.8206556019295315 0
10.848377709038564 7.227807770424517 1
5.380436114258346 11.110784644830897 1
9.581672917906918 16.12623820171455 0
2.4312007005645397 8.585390411961571 0
7.984932770162256 0.9044152633067593 0
8.086287085742917 0.883204725559894 0
3.2645554031472757 0.6147052758339067 0
5.571824405860822 14.175207642898684 0
2.4390099548590216 8.5823017591375 0
0.8133634804092882 10.723969328840328 0
3.783436452711013 19.287027355713736 0
10.558261389184754 7.39832210956771 1
13.156489352005822 12.475697787435742 1
2.065783002379009 11.506689524566877 0
19.5828044066429 9.99016468573868 0
5.792435738253308 17.38320667709619 0
18.814290827484946 13.892312220339262 0
10.640520895901055 11.199087236774432 1
2.9894887182641194 14.534423985190838 0
18.605277505635062 11.720059676846112 0
3.0835531789715342 5.920976504732332 0
14.833394177039278 16.533259715339636 0
0.7278786382604197 12.455573191432984 0
3.3838018755750254 7.545705286812307 0
16.340592858415192 13.894071231832498 0
2.19672112893901 0.33773041650138724 0
11.07294028873659 0.8040782908751809 0
2.3153108396200217 4.764039540493501 0
13.07757211897397 18.545103420157968 0
13.661399870515925 19.954827882948447 0
0.700644859162054 18.175193661974514 0
18.780052699912893 4.751074724078435 0
16.896756577013093 0.510472630724077 0
19.869240444593125 19.323573383150542 0
13.240574510859895 18.16138689413275 0
17.360437184018313 16.114625360042556 0
12.23569403730561 16.523620598276977 0
16.856255534465703 12.397493200173175 0
13.985082429691422 10.805049861719835 1
4.7325058043110975 3.3920205447893004 0
13.368693464308524 12.836854701117218 1
2.242969199480771 0.22458445887770573 0
3.856898064519092 2.6265755940603386 0
14.26274524855232 18.920093756992436 0
8.135387758338368 2.994210984809107 0
15.037879577014019 14.648419526166903 0
3.0208547881061287 7.342550632083224 0
17.41357337361569 12.273352628878138 0
17.032152931595878 8.787581950059305 0
10.240395331080856 13.214958977675835 1
17.7371370022447 16.768637736980807 0
12.547404591791594 14.608544914195107 1
17.66235343093547 12.07048380780244 0
4.336170598974245 13.597651394787842 0
5.641257892443104 4.056212871766061 0
1.110631062250218 3.710678927719655 0
11.019752606431528 18.425386342636635 0
15.890334745974817 16.768756636887787 0
12.508502130219284 6.402455362974897 1
2.942639637563478 1.7381031700039173 0
15.859105008682528 14.137907019868123 0
3.4040832674861177 19.35875802224819 0
5.9614626492255995 1.6857317626737744 0
11.47841461863867 1.9829179673110175 0
1.4146246195708345 10.381152434428035 0
7.431527807027772 17.672144504606603 0
14.026375351412915 13.43708948813353 1
5.837782818549197 17.5479233172982 0
0.2908975738577402 4.02502620029916 0
13.656525666366928 10.955168555035899 1
9.832032057446657 10.40619406814473 1
0.2057659168481618 2.42335318759751 0
3.621993104810828 3.7614556578271774 0
9.408888875091677 12.372707771224311 1
7.101836056393989 2.1416366312723456 0
8.266268602085486 4.2785872008976344 1
15.274955011652043 0.938971032516509 0
4.9001117417445395 16.712571097695484 0
11.674390670789546 4.9792841642503305 1
7.811173147632697 18.34718498058042 0
16.80832034688533 9.959085767250071 0
9.732272913536185 10.95102801512537 1
8.089174238797979 14.722744352894884 1
9.21048729585098 10.549154511360648 1
0.8575492803151596 12.377725869752895 0
1.8469889873527667 4.829800441735099 0
8.641566579837583 15.204741495597355 1
15.092087566750227 15.729269034040897 0
6.779134101695588 6.724113803774079 1
13.01334885842717 7.478999850176333 1
1.8777656090301598 12.977249943835133 0
19.835589318973156 9.985875279993706 0
8.46419043387191 18.910413407232134 0
10.554387265496558 1.4906396373921726 0
19.174925403607574 0.26768679030111375 0
18.74919285401546 17.167162528146044 0
10.579581652774106 8.469514497053904 1
7.988055275015899 6.296010094188813 1
9.933090020950793 11.357060887561525 1
16.84449755700378 17.573426793441417 0
7.9845730487414475 9.100862667840273 1
19.620497399204876 17.248591577423518 0
6.392592457780982 17.62678429711982 0
18.6466867235811 11.27654372583905 0
11.887302248185934 8.34581285642038 1
10.359556091845132 15.590478419561094 1
10.152404896497158 3.2630771282227444 0
8.84275063413721 19.65169689576391 0
11.450526817890573 16.028714746222462 0
19.95975082424799 14.117137645610383 0
2.190855408188419 6.1185915393133605 0
7.47321074988071 2.4922928620874596 0
1.9182356723745309 12.31704930513121 0
7.484446525420236 11.540252810570088 1
11.424755207991932 9.278545718459277 1
12.955306909114723 18.005729222854704 0
7.80631573463298 6.3244887365641205 1
7.302927424494154 4.138330365331047 0
8.361144199744938 18.02513450877335 0
4.158480455343614 6.441855803694034 0
14.320315276062022 3.4764254522331828 0
5.882773708061377 2.3854237987295535 0
8.665261626532 19.25768839562728 0
17.920610362406137 11.607822836492723 0
13.82600268166431 6.32319995066368 1
0.5511458013631865 2.4038884335172472 0
11.472291629812206 6.221300747668548 1
3.3816368778027805 2.9278089985381373 0
7.009221931386254 12.094478068520473 1
19.203960073815505 12.048742501595378 0
7.260154572963797 10.515386015824062 1
13.417671523532558 8.15292513156095 1
11.306428585422637 18.153459401375347 0
7.39990636321034 17.72727074459486 0
14.803347494577014 3.278413621371401 0
3.4211733946806233 19.682031101942744 0
5.906633377478768 2.684674731116856 0
4.600535357388664 17.855345756999096 0
16.246534323025394 12.379761486815696 0
10.984282401593575 13.835502557573701 1
4.194024732267321 9.03115754705576 1
15.147138604912112 12.334468884005343 1
18.90717704799585 6.615894712383994 0
10.57254467814326 6.19030896754396 1
1.5899928489705006 0.8963964656543011 0
1.823037266578913 2.540900685386742 0
19.50631443002043 11.534867986201718 0
4.57341657083602 5.712569091391362 0
14.45887520916473 13.756502520910916 1
8.462681173595925 19.932415252569594 0
7.572096683022096 11.519322012384123 1
5.13485477269046 19.937932618518076 0
0.6187163823184982 11.980942042643377 0
15.897599013590003 5.784264794832257 0
11.054756125887362 18.440725761774143 0
13.394905072636053 2.503011134583659 0
12.46584382045554 11.896415922740458 1
14.85007384229345 18.90125585309819 0
17.928067992952933 11.813896041378253 0
3.5697009023415682 11.874315485767859 0
5.238671098461134 15.187519147218536 0
7.774990703851263 4.308918539809459 0
9.881516541819844 11.037221663756034 1
14.990490029832209 4.0527734977904295 0
3.944907856372881 2.3414186096663525 0
2.871829734250173 12.106493246551082 0
16.501934682029905 6.798628912407427 0
10.304897980010093 1.71749923526745 0
7.171823723032835 1.5282409896303317 0
4.809022479037363 18.845374060130034 0
12.763506375133984 6.851295719478944 1
17.624268323422466 5.694152426751891 0
8.941921441025965 6.1038172586980295 1
9.05001296369913 14.87178916744967 1
12.138927694160682 8.654683054301477 1
11.370545377134711 4.554725101669687 1
17.27154977052557 3.4677635884363855 0
17.798431002354892 13.394242567481193 0
4.519114619502533 1.6250267035971877 0
18.447895218763513 11.757108126612781 0
1.4676592028078983 10.703693633378792 0
1.038012100330341 14.36877884282482 0
8.970316169200007 6.32485567477678 1
1.1601461171589533 17.437420777922007 0
4.916153375220677 14.663428448936155 0
18.98466311620643 4.565433483598989 0
7.110933374028752 15.352612081225823 0
7.04209193116127 7.398272096840444 1
9.994739817111638 7.69000834129808 1
0.2601105817767957 2.731258840509312 0
14.123796791492737 14.654213767190281 0
7.309511782000955 8.366058294130223 1
8.077458707027231 12.769645639746068 1
4.800714248099556 8.696296768618035 1
5.647173178487144 11.963528114720592 1
15.997804776720788 2.012032892793729 0
3.8895814803810302 18.55802248007104 0
19.99254227230476 13.241144756830348 0
13.342114537812279 8.158580010820165 1
1.6111172716238231 14.974581072127652 0
8.567032050908834 7.077937406003265 1
6.794451487652806 5.175954611408411 1
16.96709864659178 2.053965191027358 0
8.016314077511504 4.498196805263546 1
7.048983376374363 7.879357098299984 1
0.6041001267327806 9.194652015623747 0
4.457487193124939 10.862960098168294 1
17.601404805387478 2.949544223837852 0
7.367946223418079 1.2472791961294472 0
8.408132151326003 3.967709464613518 0
19.506088237915048 13.455771834276076 0
6.347835993126722 13.137950154266143 1
9.405969596717046 14.588111233125233 1
19.859751528998647 8.862882933107691 0
2.948554883192356 6.84963947185129 0
17.05432483776781 16.56499032662172 0
2.84259327653966 16.62848018930241 0
3.273875611382222 16.01077495527926 0
8.039710268498936 3.8241581787521173 0
18.001985972394408 18.94055685295799 0
3.1944602840475422 7.899517790177375 0
8.041865692112536 9.839606870268021 1
15.767738192881747 1.0088786784597104 0
5.929158660081127 14.298392385377845 1
6.775011449146207 7.547932962718522 1
17.393079480769735 14.278379375506741 0
11.681309621274888 13.88595756061081 1
8.584172161972374 2.344262065850622 0
12.664831074359476 11.659384238206101 1
7.8517072676266615 18.338835320865037 0
2.2267029703396934 15.278975775751354 0
14.968398221111032 11.38840054736994 1
16.50025983201985 15.118509538695108 0
12.206268160415533 10.522548335129079 1
18.94127569862292 14.862311693141262 0
15.436209380921076 15.568389940722088 0
6.074302129955407 14.346541689279043 1
19.344414517111975 1.6906766408764917 0
18.361595263184004 13.151500151662239 0
4.295843094774887 4.514011476202016 0
0.39842568973078585 10.546751757351112 0
1.0361923250154836 19.459801083161004 0
0.36370602743299285 3.4642581670803163 0
18.818938304776047 12.491481047892528 0
3.3796710250055995 19.37580158547616 0
11.435797699480528 2.3934571021061823 0
0.24445398401361507 15.987300331860077 0
5.226607105835763 2.3813125942809577 0
7.663161095336375 18.327720072462238 0
5.4525400932365 6.591030732129113 1
0.7434694602645542 14.542293858684008 0
12.020261544494527 6.379364666121836 1
9.811118425365022 18.95898175540308 0
1.3511428130425074 18.130050121164423 0
15.006204024811268 18.72100202429024 0
13.453523309461502 3.4175183508037765 0
18.501088783432117 4.395953692913405 0
15.438868093623961 1.9189923165600087 0
0.009432452240953904 15.955301730861871 0
17.745000479085242 3.9346134599470384 0
15.187078390683414 10.880973012443167 1
5.506223710138447 18.43816768162891 0
12.74790532160186 6.014179631030554 1
19.98070013915823 5.436361091073618 0
15.89287762322521 12.096266274977678 0
9.7115586562117 4.468956807875541 1
2.0397233969907913 4.765367743813391 0
13.502520526753784 2.8204751051736454 0
12.472659836896538 17.08926530164565 0
9.900278276597042 3.200818292044827 0
9.859266986919629 2.095244825709077 0
13.362809784109523 11.598500477795458 1
16.40570087243375 12.354698375696707 0
5.3721888762902665 0.25112050175233325 0
9.262597679951622 19.194092776754918 0
11.093541139130917 13.203405189143467 1
0.06337783530093066 17.075417038167885 0
5.507859893937345 7.4255669374042 1
11.561254758952796 17.42785309503748 0
3.16676487894866 19.576675072124353 0
8.871619134542401 11.238177253021572 1
14.199160530375703 2.442283847953628 0
8.108185811883 17.200260127470216 0
1.3252891167482561 9.173042376291647 0
8.48895637602562 16.036050502162304 0
11.777217658790153 3.001173158931345 0
4.446923531144977 19.826577871440122 0
1.386031405048942 10.914023209112925 0
9.208520200471755 13.583220743320902 1
4.541619625979553 0.029791216127839082 0
0.23835788149875414 1.4449808940516884 0
4.4399225398452025 19.673487959003754 0
12.120374750382386 9.819276490090793 1
10.201430469190512 5.333699563987285 1
17.15372758118631 16.746606691545022 0
7.1332964538030925 5.070247095263179 1
6.942578993461992 0.16776440350312338 0
2.5518307152309405 15.853102075943102 0
5.240656507592025 10.535535672324439 1
19.608946986450842 19.754975048122816 0
9.460772458287144 3.2790702153164752 0
12.868277405932222 12.08668476844375 1
2.151477010430418 12.8242002069112 0
13.896214767340263 7.086328494122633 1
9.842087508030406 2.4702268397213767 0
6.916663326938027 6.48702331520481 1
5.296781297562552 0.7102752160680192 0
7.131655073719476 2.8673850312705484 0
7.1044573325873195 2.2281666242237375 0
6.655361092468692 9.992064506487665 1
2.2084576207570272 8.05783064142675 0
16.81400867774426 2.9876697600213364 0
8.496331673358618 19.038482066356643 0
19.07816757126371 1.4987909612053385 0
1.7969258160642188 8.5492492921634 0
16.627824461860992 19.162237701313437 0
15.330182192874652 12.215114166745638 1
8.118786262677657 8.865998563384455 1
0.20121591438272857 5.330046412576741 0
0.29428564828872794 14.404749086833476 0
6.505606834688729 3.8982855000495253 0
14.614932170516886 7.321236097798445 1
18.76603574485239 13.357828333954727 0
17.90387482137644 16.623164935758805 0
12.736081714571576 18.64135405629704 0
12.858775582863002 15.157662195228657 1
5.80269321630015 17.872167752807385 0
12.671840672586132 17.273640950102852 0
17.958856297852034 11.55141148393373 0
18.658421212431783 19.662324086718545 0
17.64858943861398 2.734731339389347 0
2.971930983779334 12.064482068804963 0
3.4668643565967683 8.904980583892373 0
16.098169796944557 6.435422779611411 0
6.432614348335914 15.556610145700589 0
9.710566599088306 4.96892337798732 1
5.618432581103097 10.822543289305003 1
1.1981036308714343 9.64001995027963 0
11.275734282758512 8.389119268370065 1
12.277930670850443 4.0696893309303395 0
15.47986588211897 13.022082011167209 0
18.503306353870087 8.438290501102522 0
3.8592790820828005 3.7234372809310767 0
3.666789886348618 16.24103073226071 0
11.629964238935775 13.724978040246253 1
0.034479337046022795 1.595322693279626 0
18.139044982213715 17.646979160816517 0
12.306521487760428 10.47368083265775 1
9.597035916307542 5.124765145640293 1
7.5517876343762484 17.793728855827485 0
1.7219434548739843 19.771212908288895 0
14.894884518889047 4.057008114874277 0
15.657329340002876 18.62625576943356 0
11.265799691867912 8.61840050759307 1
4.822243050254132 6.050609666772377 0
12.4363572881368 0.23173117261786613 0
13.43895057133145 6.012893815218378 1
6.216839982373172 5.653421113178694 1
17.260413048519098 11.313161589775886 0
18.85346828171741 4.702266463343008 0
2.8324298722054997 5.1590646438229975 0
18.674169393670947 12.097339064257515 0
2.4959311033783393 8.0518879566864 0
16.59241452769086 19.309736330680096 0
10.674160158299419 0.8434746525766434 0
2.9194894629283197 8.572468377475541 0
10.677646155615948 14.599235983161583 1
9.660863830580098 19.710050005833033 0
19.5304662915629 16.554438310641284 0
16.611956384874297 15.978439674948767 0
18.695220670303783 11.93042321408657 0
3.8000393618129635 15.200231551484869 0
13.254346387963537 9.436344300257264 1
8.678133439471907 5.689498714629755 1
4.815247016692226 10.967829382216824 1
18.255938888641165 7.794254974819179 0
11.770953820148748 6.483237522967378 1
10.479707294038567 11.132041672607171 1
9.118919086771108 12.151461586847603 1
17.594088245707013 9.223260671254774 0
14.671641963400802 13.25324652233347 1
18.293140318210156 4.596597396108919 0
14.310643329447533 16.309306131838706 0
0.023500156231555103 5.654595402930163 0
5.15572881486756 13.022405913382809 1
11.734487518894658 1.6190669845244332 0
14.416232366888435 12.94502743004314 1
7.550065276270179 10.176993418531694 1
3.2871051930113504 7.565997270332088 0
13.236337183918272 10.32407687600539 1
10.077559640882722 11.242967264842337 1
19.35627911538613 10.455804662066368 0
13.715577787823939 12.410139222298522 1
11.448079475573834 0.34689954625145347 0
18.665483876435754 5.588531886740848 0
8.121475729960594 9.356606340999086 1
7.05549451945656 6.686001159425386 1
16.62776048631251 11.952541403159618 0
13.722260041306988 0.038837196075904856 0
5.372635124519862 5.437116997739877 0
13.536683133183834 0.679682634753922 0
18.8379155656313 3.872449098498034 0
0.8921645433499337 9.329599336171626 0
9.523366473446885 5.415354388167124 1
4.872901325501802 1.5671714359532407 0
11.330936523826601 13.14203451789622 1
2.967473028655616 6.811410276635943 0
1.3688310783453428 18.779546697388728 0
10.237572180357557 14.764504495362015 1
0.6594146970176995 5.958340449963044 0
8.987671751933457 11.073883427054112 1
4.182096201375063 2.6109300529078383 0
5.483325848726199 15.658044098818387 0
11.536493166635553 2.988903375433174 0
5.592894077635275 12.533827651463811 1
15.33328884157202 2.919760540518359 0
0.6960312480663311 1.5803217791333823 0
6.981157721224134 2.6979264992322305 0
2.80850970580784 17.80555860564287 0
7.622181175813381 10.196940471539248 1
2.3503968489359095 15.130226601080457 0
14.96938576039664 5.928370271893524 0
11.305052161379992 13.554813753494342 1
17.87009075402606 11.783339523739357 0
1.557040723442027 10.96784236611289 0
2.954695883309808 14.748571872937507 0
12.523336088967824 9.239610682082706 1
17.189963517113277 13.605870106561506 0
10.349047716359372 12.403948169443694 1
9.756918559344424 18.117854902716278 0
16.52887513779121 3.1552259206173416 0
16.025713548943965 4.645527873900781 0
16.641305782830372 7.9595165026713754 0
18.683335763638233 1.7478243600664634 0
6.49393896679177 7.238195934873078 1
14.356585595275863 9.946408175536911 1
4.578363108023169 2.1260046674615674 0
1.2625000013238385 1.0607683601083795 0
14.096538769547312 15.632500312162549 0
0.4650091129603151 2.2868065194625142 0
1.6709667446954302 8.463296101774452 0
6.032454154518845 3.759055522572914 0
18.022649615450067 3.1856606380582053 0
3.8597891526596917 10.101015170470752 0
17.003333668777785 11.200518561060997 0
0.8074572507090294 11.149811209815885 0
3.0400502037974153 19.667742529728397 0
12.728792435097038 7.444713265540286 1
4.054417718138752 11.161471239288325 0
14.630594064187864 18.63965708213791 0
6.85285678748448 13.492980571202482 1
2.3000183779316896 14.872269010576 0
0.7111776318484808 7.7312170383007555 0
10.899760180867373 13.41139867876596 1
16.128582745582992 8.288439435784172 0
17.276075557023358 5.479913962221414 0
8.56708887048695 13.18504669773288 1
8.877225728442777 8.220105366691744 1
17.4945963534529 11.68055638729003 0
1.3412366870432102 10.720815868364062 0
4.795298779430375 15.500562213754936 0
19.046875221664937 18.734435492849208 0
9.186321352448283 18.910050391746193 0
18.992016513015898 9.998005551805687 0
0.5382238337659362 19.453303421302376 0
5.857445311873395 13.973222721020221 1
11.52495694482232 4.112087711026822 0
16.201401376310415 8.455512610347984 0
11.381687720301716 16.43969872710892 0
7.421234466997162 1.122904196941692 0
12.251909619890874 19.76851822007691 0
5.608095604659431 12.742045550565834 1
19.88019984484756 19.390964891901696 0
5.024862494000731 18.664708756374967 0
7.836402222878043 8.760077905819399 1
1.1277409023606455 1.4251229817553979 0
18.893672303778718 2.1216207130177756 0
10.37361674552223 19.41442548678582 0
9.484185929446445 12.674703258304474 1
9.870375096706773 12.985578316026702 1
14.429089410849368 10.796985923933793 1
8.426348069333807 3.101290849711973 0
12.34193510282837 5.253890586834064 1
15.565905959156062 15.913121035067784 0
5.971914063874431 1.6014086086203827 0
12.332285876416986 8.214053846915315 1
3.9374537349092398 1.0348104481236264 0
11.864954355617563 10.553263096752541 1
6.86656677336739 16.428963115181496 0
17.565997210744772 19.40882230258572 0
5.330342377299296 14.256800250570238 0
15.237153009670246 7.308532968095019 1
17.270211597929823 2.7895194735583306 0
10.025941406510457 5.673764046529262 1
8.206041897980949 8.705199606065701 1
6.332559524491657 3.0811750259519455 0
10.80208176302148 5.242820359214441 1
3.309389259905142 18.676295122800884 0
9.369940878323472 13.836287600846111 1
9.795739959486564 7.019309871439989 1
5.0396802821354765 6.361011039633748 0
13.675476792343012 15.88133280149263 0
5.897282518251863 12.275505696407008 1
17.15196847742567 12.242253016327139 0
17.609026328476258 5.075954439194765 0
13.202316337970888 12.03170791534319 1
13.395543871605703 8.958678935482254 1
9.806882349181103 19.07344799232491 0
9.208033699564819 16.50822045796039 0
11.068495893869834 16.475077857783095 0
18.394169312889375 13.036980966412667 0
14.604457097163495 0.14104089664007669 0
0.47826460926378545 9.782810578542414 0
10.872993284985506 6.794618479927294 1
2.6569061911516934 3.3794501274616673 0
4.144156251317934 10.910810556404469 1
2.012091675880907 10.361320390264554 0
10.848006573891844 0.3467108354924142 0
7.532949876454456 1.0388342869939393 0
15.281298149064 8.126678962096891 1
19.17331153074145 19.623835381592325 0
8.422616718854645 6.231292542033491 1
11.733757467034522 1.732929051583858 0
16.858948895358164 19.1291690489549 0
16.677005875139056 2.1586484400189554 0
14.257477852536622 13.932274852305028 1
0.06395612113805127 5.551543328453976 0
6.455241696498309 14.471824287363255 1
10.341805911427755 12.925538077999931 1
1.5623954737663626 2.2751273651652126 0
4.47257518162302 7.3940972404633465 0
14.117956442657405 10.473622000077397 1
16.221250418056343 8.749755486328262 0
11.473788465906063 14.02681902867683 1
1.092219964430563 7.924716848946924 0
9.774164971798234 8.206744797383559 1
13.533934263835146 5.506020860151186 1
5.642879238869605 12.962993614808553 1
6.780073389511438 9.586034883690997 1
8.608325478966371 4.417429375021989 1
7.543042869251268 5.78754495206298 1
12.057601423898701 17.57386357485716 0
10.937805255802502 1.576680953500369 0
14.839397850691611 17.729497092850202 0
17.25766914099928 0.35657365641140526 0
7.855752675213148 19.73742656037064 0
18.992828117589397 8.634838152475172 0
18.02309884226338 18.72443564577005 0
11.922541062898784 14.856674363354267 1
7.419036115715256 18.156217106857632 0
1.7727989912168973 0.9318063602573345 0
0.36799866493673505 8.840359099220986 0
3.5042706646290256 3.757396228804366 0
18.426569454426335 11.857578239220963 0
6.8410367592528925 14.93618257642419 1
16.675735656665328 12.057943196801695 0
12.736820621552894 12.522205054810849 1
15.826934721440347 10.249896942370821 1
4.872480475049397 19.76424075384565 0
9.410253775376132 8.796416578428744 1
13.074516215020742 18.374207739942047 0
17.034569946053317 9.201049847531 0
14.304112363517161 0.7627966808281483 0
