15.89039122329655 19.33694933531829 0 
9.781770167843638 5.901174123294528 1 
11.024619829613469 7.901674853526021 1 
18.75538475969296 10.991454623950101 0 
14.958731961233413 2.2400491694960922 0 
10.809962174576178 18.71987394774922 0 
14.477272728615166 0.222581281480021 0 
11.754603495287515 7.054667076847556 1 
18.70204184135103 8.190976997878568 0 
3.111901835141009 17.2643491927097 0 
9.689653228365833 19.016915688601202 0 
13.505787778023077 2.570813585692193 0 
0.7152708135383179 17.25219443506682 0 
2.1757463627683005 17.663331652787313 0 
10.436289299447129 5.864060405159657 1 
18.492585688119643 1.7687102577507274 0 
19.801021480626048 7.390811231302963 0 
14.635177156675175 15.120277923227885 0 
3.5617989100650482 18.523776788265987 0 
3.4525048897656463 4.695951554421409 0 
10.878905066697925 0.07327160149092071 0 
17.964602696531507 14.95055773776536 0 
17.095975573762882 2.6248387584187483 0 
5.830350751530089 13.291373909590261 1 
2.11393443338449 1.3396311668012895 0 
0.37065874266529963 13.740800179111927 0 
12.47377671759647 5.420211807414644 1 
4.840161305568418 18.65972818323725 0 
11.70522959799621 18.0190557503999 0 
16.111539250610377 19.76192112416388 0 
11.704887726261468 18.448537006109646 0 
9.487322122360059 5.008366404036919 1 
4.518692615457307 18.403083775697375 0 
1.8919117299367483 6.793316398141551 0 
10.711012694375972 11.914834107514487 1 
18.92478917447678 12.891980247446561 0 
3.0379754155103122 9.85122066641628 0 
10.173915066880072 2.5240000572646326 0 
6.036985773854617 2.9786184156087914 0 
3.2325362692292936 5.060279077286789 0 
8.495774656493609 16.925834275915637 0 
14.670071519499224 12.936882453154961 1 
7.803400719896503 3.932783544175642 0 
11.522558855368715 12.008842935566339 1 
3.577275683658727 6.678841971851577 0 
11.742282577202669 11.06876205727961 1 
16.144320849524043 17.237806723619357 0 
5.344736867730018 10.402315066013772 1 
14.806023948424567 2.8234730044271084 0 
13.295490971282607 16.057228437483047 0 
10.724328529455246 7.1814476598144665 1 
19.07258229693837 5.87659549144173 0 
12.343178081623513 3.1297684403062886 0 
6.122766751205921 8.28314012843692 1 
18.619338776683385 0.4406507957442596 0 
13.75803153068304 5.078180352122903 0 
19.143695710813034 8.493893427916316 0 
8.745793134296191 13.739031101648735 1 
10.407075599307543 5.940706676632274 1 
8.293128667988086 4.532953620629296 1 
0.01939502226712575 6.917356578733629 0 
7.4192788223098205 15.123220901585842 1 
3.702431743771455 9.20995438736786 0 
6.086174512435221 7.226248049453421 1 
10.491829551505118 0.837020232571315 0 
15.824734442773785 6.624802815952071 0 
17.99088412843959 12.476695196330462 0 
14.29368837775862 4.550839858873115 0 
12.274578151240451 12.466526670834712 1 
18.4566315026039 19.303706780189017 0 
7.176784727928325 6.57526978001105 1 
1.0899841895732543 3.8036044850376394 0 
1.6522806019497138 2.506167699399282 0 
2.9380157288529962 17.57507603723508 0 
2.3993591868489106 11.621021766464981 0 
0.8707112898138059 3.187212484022943 0 
5.740063392270461 18.058570120889136 0 
4.243443681875254 19.90713552633771 0 
19.096525023557746 16.3044152917976 0 
4.504927375047105 4.68991860555549 0 
17.661276868712214 5.110370731610308 0 
2.4650286750761397 11.816507849893618 0 
8.078007207159692 10.444844928322834 1 
11.121900417973974 4.7262791781883635 1 
6.22952913808696 4.5165650269016355 0 
13.862972643705989 9.939544313301884 1 
10.640295215980995 5.516085274811056 1 
2.1193102098392735 2.749154986533109 0 
3.9079644328160468 0.6638639239130684 0 
7.962016727014842 8.005443520919965 1 
15.682411233668269 18.534010635022664 0 
14.809901805042768 10.80311707226075 1 
4.032170952686083 18.79397631979418 0 
12.89668842479104 1.3655324981453698 0 
14.368406209678493 0.02151522522170879 0 
12.625970516924351 17.991224801871862 0 
19.680049672557338 15.143554200891916 0 
9.67559157376135 14.528658433040372 1 
14.518156091025629 18.550382297197586 0 
11.686812977507328 8.670063276144935 1 
5.124155097501171 16.34607706195124 0 
9.994955743834632 4.310792100181525 1 
1.816168035204666 16.267862538807734 0 
1.4797171705663525 17.279879144935236 0 
14.512571958108659 3.5437630974431134 0 
14.170988395676357 16.329894580739598 0 
17.027599388584463 9.370635813753774 0 
7.628210105903259 8.178134898229645 1 
7.496246258866517 1.0335883142208568 0 
18.654278558103808 19.537207187553065 0 
19.944761746175597 18.033477211316054 0 
16.288400835518505 17.724236514304238 0 
19.14693914596018 7.88860831947609 0 
5.483879124906414 2.1532459752782485 0 
4.989704708271583 7.844817405967719 1 
10.533220874880861 10.973456638783825 1 
7.0129519063407875 3.8354579953659984 0 
16.914801453352258 16.72826143048596 0 
7.700745026661533 11.188650706246541 1 
9.851145695324528 11.060547353808676 1 
13.238568055109774 1.7583940992377567 0 
11.52044670849374 8.745225438143656 1 
5.824985144482819 2.2367593032020783 0 
17.44193900223292 9.584194409970637 0 
4.398065735228407 12.419254874607855 0 
16.098079315242458 12.748394875479331 0 
16.500335684018516 4.277634180255996 0 
2.1303927726711813 12.804652127196977 0 
8.953590902957277 1.7401638288612808 0 
19.606153935812355 0.6433138075467548 0 
15.111246327499085 3.5472370449144597 0 
15.386448505752359 4.202124501387345 0 
19.992638094850058 16.961459529951483 0 
0.026721171253185627 17.644513448714733 0 
2.0255296419900604 14.105450063547158 0 
0.7432146484579683 17.996488210748186 0 
13.96901353152659 16.557338872408298 0 
16.182193417054513 1.5252855878068106 0 
7.733986027156162 15.882910364923422 0 
3.1266046927323132 7.867654944143487 0 
15.525974853821465 19.92831902942723 0 
17.492737983900852 15.842307359648624 0 
7.610712445833137 7.515846079215505 1 
10.428332829394847 14.619083547131922 1 
2.0940090190101146 1.093308427920121 0 
16.887161360751247 18.14508374045285 0 
16.332620709750856 2.3166952336075064 0 
19.85395669680839 5.297271270382959 0 
4.3800269659483915 8.868102719070308 1 
0.4511780156028511 3.9723382209273694 0 
6.456526241647101 7.474834942932784 1 
10.420717773190125 18.6869861242964 0 
11.152953194404837 1.0848849959177453 0 
7.001036586740637 17.478677481756293 0 
19.646921546349763 14.439124041794605 0 
19.108767548526966 7.515536985858173 0 
19.06354085730101 10.980849486828838 0 
9.029535393064672 5.644530716335725 1 
8.82743897914761 12.392678902400629 1 
7.569077856054696 1.6804362107334936 0 
16.68449922331838 3.1299110887463666 0 
11.19510363141423 5.689222569865555 1 
15.81611475540228 8.068646510357338 0 
10.501529179890296 12.329949344705831 1 
8.183201806763122 4.58569807101564 1 
19.043133040706298 1.1521192617003306 0 
2.9290457207532983 15.69297596692678 0 
5.470154093682497 3.218796752874269 0 
18.810658289373443 19.43839056522625 0 
14.369954902154143 2.270615150908595 0 
13.879178238945116 8.208099342584331 1 
8.445127286304121 3.5345412835408307 0 
3.2263840937092514 13.053125023128835 0 
12.337284883287962 10.886687728265919 1 
3.5159523324614117 1.0980871692382754 0 
6.499532954549618 16.568256592758097 0 
0.9785983631694362 18.645612287883708 0 
5.3188531735360005 16.617942978203423 0 
12.140594464526671 17.789467690820125 0 
4.5209295997987 8.685488440948978 1 
15.97645915411639 12.04125329544895 0 
12.898413774028228 17.796701122262263 0 
11.402004401135217 7.835092500009764 1 
14.463870442649942 18.438687451195474 0 
19.371975576709332 19.501264753081266 0 
10.350237950748706 8.405006593050485 1 
7.3669521558765405 13.204850955309308 1 
11.364804529694009 14.347867284347666 1 
1.1831366508146846 17.239950854023817 0 
6.477325758990475 8.766517976513006 1 
1.9461855719889032 1.7725394385965854 0 
11.568496447105648 18.632481005846493 0 
17.23337413265948 13.706083127841875 0 
2.401957259433931 18.924581461217866 0 
15.086439049749504 7.08714637915355 1 
19.395017992195463 6.9214504823082095 0 
8.938453995024124 17.77758132601713 0 
0.10592311564775914 4.563840113139386 0 
4.733959915668137 4.838665844482708 0 
13.771537378723288 12.973740156780844 1 
7.928534381210026 1.911707805632601 0 
6.494223549870981 11.335642008243621 1 
0.3360031493974902 15.950864040073835 0 
2.7570774205035375 14.65434588181167 0 
4.7197211991221355 16.72530799683501 0 
9.748084401559979 4.781231294079529 1 
17.003894859912357 19.438456637653548 0 
0.39702445994370006 12.197351819661051 0 
14.782853618986964 10.57231756530759 1 
8.518196780915584 7.339769485691208 1 
12.347668892399764 9.298349717397855 1 
13.62898143681143 12.855433089250045 1 
14.808721261106637 10.18946028871757 1 
2.8386223550234946 2.9719927964173753 0 
11.710928240493768 7.498088383071469 1 
18.335330753032164 15.129951697999587 0 
6.875979489367666 9.885014517662817 1 
13.463370616033135 12.940422576915172 1 
18.860640219418126 15.249541137606112 0 
18.45583079487206 12.038690269956012 0 
3.4981469197739523 3.8998744408947927 0 
4.407248680515103 14.37659364026368 0 
4.30085045285546 9.58782169265927 1 
8.021616339449057 8.23414306496332 1 
11.123049605019219 0.39586129616475674 0 
14.94136824377157 14.632088112299915 0 
1.0654100366173735 15.934495088705942 0 
4.020327168904254 18.610690026398828 0 
6.716905987715569 2.951396293115549 0 
5.366911777458105 4.611821792385891 0 
2.6626349911940217 13.944779439079936 0 
2.7396742892859893 11.624549133562192 0 
1.600739671290874 3.9514115838491204 0 
1.9076669180589767 16.124739822209722 0 
11.917712613382106 8.115052411300221 1 
8.247072639310819 11.612377623548776 1 
18.778402781076164 5.136080363236255 0 
9.10769116084164 10.338515113051812 1 
2.456231389693524 18.48059717390106 0 
10.920424645412899 9.36450719489703 1 
15.23565857136572 12.357099507359674 1 
2.790180201850303 7.7522811087431265 0 
7.838204644217406 19.09014522636595 0 
15.469658642058379 8.453881497986862 1 
11.969453037763566 8.575963740507156 1 
11.896997890741225 9.049199676501352 1 
14.13211054547313 13.183972931707439 1 
14.060201158435612 13.462642345310067 1 
8.580291480157351 0.7205677861407755 0 
10.45267194035608 7.539649879950159 1 
1.5747310457921349 9.612349562008163 0 
15.986316921239954 7.709015011184103 0 
16.086312500316055 6.628769313567742 0 
5.131206374543527 7.909998064938795 1 
16.157399149245638 2.1314782898674833 0 
2.4114041666144326 19.339880468946586 0 
4.921830662325104 9.636988307786815 1 
17.901828275962355 6.732869532887431 0 
4.179703882954973 12.269345918815588 0 
8.766499484383225 5.293201403190986 1 
18.208661883314743 16.115857869726 0 
7.619204836361018 17.73976820892096 0 
2.0910540217440987 15.428743412891283 0 
16.374278305131426 7.100472549475841 0 
5.15988129626394 10.670809461529169 1 
12.821403562422553 10.670224646022318 1 
4.811524584458504 10.397845267559987 1 
10.51605761370868 18.539914464583124 0 
0.5824454934320644 11.441715536709985 0 
19.466897517451144 3.2717923509480373 0 
8.595026320935492 16.080235588552295 0 
2.211071682281851 18.450987624134513 0 
5.938881006271181 1.37154301752749 0 
4.262134542284388 18.66722993716071 0 
19.586812854811384 18.341971121341437 0 
5.757116242948721 4.799688812453324 0 
9.430011805332953 6.098711856935058 1 
10.616185831942582 8.170712690117075 1 
15.443155053770951 3.495939122532037 0 
2.9996101300544353 18.977752296951152 0 
13.681672910685245 4.15262746490278 0 
16.1296050685017 16.06940521926872 0 
13.320922916375707 18.285029943334518 0 
5.695646800631491 19.776224398991634 0 
2.3002638533824205 13.311485426138907 0 
7.063952936405389 5.7563105684971365 1 
14.96992775432021 18.698515300234927 0 
10.733613128594069 8.481637006156861 1 
10.629978012528786 8.54569238623095 1 
10.435253384883055 3.4044328626368037 0 
7.791643392859273 16.388574061090345 0 
8.040784274286432 5.442821340424128 1 
7.283531340530973 15.260591952467458 1 
5.152194369607431 2.412353903395792 0 
13.853816983004723 16.338453016194112 0 
14.555382153013666 8.936264684000388 1 
18.658505263058395 0.8841560447792052 0 
13.810831660424142 2.6153457805786817 0 
4.725098110758649 7.338215618156005 1 
6.7167456544611115 18.365148048306196 0 
2.4875398911666857 9.181123281380605 0 
6.606416586301133 2.0200347658581674 0 
3.961268717934332 5.779071626296474 0 
13.843200935972364 1.3164426651302774 0 
18.603979229245347 1.4368811645753987 0 
6.407408387243301 9.88689110798511 1 
14.197412550435049 10.235205019618396 1 
17.878327594382487 17.15893661976856 0 
17.731736330289717 1.1351911604500975 0 
18.185861493800353 16.801869268484758 0 
10.988920962140305 12.37779943445491 1 
8.09578867989046 19.898272498110035 0 
7.509768920773818 9.068183886079915 1 
19.61285031561583 4.5745619836210665 0 
2.1295342401794204 6.7758057916212415 0 
12.169437014889725 5.8998858761458495 1 
17.0642391039285 17.57188734042942 0 
5.931853745739366 13.180083308392899 1 
3.1387483369623848 5.920981659601907 0 
3.0573541961763406 4.861638094282512 0 
5.07973778630933 18.715856636324496 0 
4.223810345625814 1.0483676047825274 0 
5.0992637935785945 15.081937734317211 0 
4.554895017850356 4.916183532709459 0 
3.0990332018016886 15.424005216964584 0 
0.10644336899682472 5.649337634388938 0 
10.569409117788188 7.331143709440873 1 
14.704938258203494 11.795114094356304 1 
2.0949228158552424 1.5289235947291147 0 
19.595127070768914 19.888719154239578 0 
10.588059218331553 7.444530267640976 1 
6.259001363236532 9.842033289706986 1 
8.703864595876087 10.732585823436363 1 
9.924523771810055 8.635473106849165 1 
10.823488692165062 13.412302194332892 1 
6.508361494361252 0.1180921650615896 0 
11.583820860622378 17.09660374573342 0 
7.571277964080787 10.43886690908867 1 
1.8064152392481136 17.772484344557434 0 
13.600667888910856 16.007683979164305 0 
14.355422426851067 15.939247802775684 0 
12.78042887662849 7.856751159387974 1 
12.257953795169499 5.22601377987505 1 
3.4790098770309563 19.401590981901876 0 
13.134164310911437 8.824546088323624 1 
18.73935428834222 3.9519304671840216 0 
12.957596521631455 19.401711815510083 0 
12.961669216232103 7.468002630033785 1 
13.641610783727355 17.448278677081497 0 
6.774291668756646 12.779082379204418 1 
13.310109561313864 5.913941510087255 1 
4.945367819108196 16.086821803969855 0 
14.332128116787919 12.313685360166843 1 
8.872052146183364 2.014315338925452 0 
10.178474640032896 14.058679176731157 1 
7.566623186907291 9.734163510407177 1 
11.04883010911596 14.657796663300992 1 
4.429589323718832 13.407886117239265 0 
11.686978926187368 14.867827921922071 1 
7.01422219661575 13.835942785900412 1 
5.739557484764227 2.609008790172469 0 
3.881693797320571 8.648589744673579 0 
10.588918565636083 3.797503979508452 0 
7.4561821342427415 15.576769443883197 0 
19.59800177026061 9.487412319538876 0 
10.634937271934357 15.315277815732093 1 
1.0293705991812008 4.602724966913998 0 
16.317524097918152 2.4436678839701242 0 
4.0536608527526585 1.8244562881313664 0 
16.80394266762436 0.15090621920733405 0 
6.361711587928114 3.683695648729488 0 
16.195385945680442 12.641028844018525 0 
12.888802114600477 0.36752270189092995 0 
10.121640151462968 2.3582680785573484 0 
5.297736175087493 16.16118435908802 0 
14.853974259154928 9.000650640954767 1 
10.61038288809314 4.116392247398302 1 
5.697960432577722 10.79342056808267 1 
5.508202976571653 6.004163750160593 0 
4.038795474891595 13.250689638961937 0 
12.367065615602211 16.787701185065412 0 
6.9697509165510985 11.934160858317682 1 
10.575896880475087 15.792335510837045 1 
14.30918941555506 13.428967122995328 1 
14.65985024738748 13.483523345309205 1 
16.70078937213215 2.4037307324925816 0 
2.4980597792872916 7.087545142680636 0 
3.6355105290020795 1.9987405489358268 0 
9.820884337640729 4.118348371406773 1 
0.8871203990378951 1.9538348746386025 0 
7.6085152064180805 2.830917655510501 0 
15.859865791231618 19.63897560508333 0 
13.086086850782548 6.592284205309613 1 
3.150073765101302 17.601166480602693 0 
15.807582473623878 14.888806428544697 0 
4.477418220417871 5.3186918412808515 0 
17.310655373390375 9.141149678667709 0 
8.505774367775093 4.112862941548306 0 
1.51365658752876 14.610516819179416 0 
13.810937463975657 16.62036489846306 0 
19.241668027070414 13.897733486165873 0 
3.862508084042786 10.712071393834595 0 
15.69044045443684 8.569807398450607 1 
16.546534760129287 12.147368198022196 0 
19.55171345012411 13.14754257173016 0 
0.16682589123231173 6.9353175533834595 0 
14.572550157390548 3.5933700704639326 0 
5.955792810808978 11.594622430937758 1 
16.912334792417887 5.228830058706304 0 
19.031691096369805 12.374489217670233 0 
1.82273996047146 9.771933991138182 0 
9.429363882529891 5.57086742454469 1 
13.403274028061393 13.117543522904711 1 
14.807068076186674 17.456468939407728 0 
1.7419442329698254 12.118723197615635 0 
17.36936518975193 0.9939574023863074 0 
15.151427653819635 11.00476007752394 1 
16.395089171369655 12.35812090018259 0 
18.147221338273706 10.419369243360768 0 
15.302855962611694 17.396605541669857 0 
10.897082955551431 6.572825040317774 1 
0.816650184276988 18.773169959837272 0 
10.089378999315208 11.343726271987165 1 
9.430564170285878 7.628224740204301 1 
6.458034924397826 15.995813965234708 0 
1.0146299101346035 16.306426815343748 0 
17.21231595219568 2.665559508610791 0 
2.05485809645378 10.920221169164819 0 
3.4731880237571255 19.934326862411954 0 
10.996410571884056 13.002318840317653 1 
16.409725462382912 14.3283982710125 0 
1.6932921437351434 1.6151729649277802 0 
3.332642798796379 16.709964298524913 0 
10.784676338615258 3.162940194015178 0 
1.3681701848146055 11.73418069493935 0 
17.68903033884131 14.843909768986506 0 
2.4896492797435332 1.727945298639857 0 
2.6794156268657443 9.14077070690017 0 
2.3441282198790048 4.924912071800341 0 
15.216227686797074 14.902346043328592 0 
4.8118228635571425 1.0790562597677655 0 
15.3296604009468 11.732160288261849 1 
0.8056812483889542 10.777381170148692 0 
10.639471992129865 13.197496897422416 1 
18.564609010364933 10.3319236347624 0 
10.485018173859547 17.958412890895662 0 
2.459420589276311 5.824806674522394 0 
4.084870518679482 17.95115983202877 0 
0.19227779782057697 8.679933422637108 0 
17.233688563301442 9.003017258074369 0 
17.9398744034143 13.741353140773304 0 
19.635917853025838 9.92275622145158 0 
7.419240849636626 19.500806614613296 0 
7.691498841172162 19.047820303840584 0 
15.79036651448895 6.58096277027703 0 
5.8258726229357904 12.491673329885018 1 
16.88149511671176 6.532100681268003 0 
16.256486226302435 0.20968865126874903 0 
7.169448033950854 3.8737908910318697 0 
4.768057465379247 4.870262037093591 0 
17.289262888043982 10.797521900047846 0 
17.713239284490527 2.8555490995017907 0 
10.808024076149925 10.610576461652077 1 
6.809680811341643 18.955611692948292 0 
10.021212677185186 5.09653480890165 1 
19.91395229489161 6.120668151279689 0 
2.240386020516427 2.820817784267855 0 
17.71747046350232 19.8862500390255 0 
8.351921087914844 12.689446069650312 1 
2.1761665290152488 0.9935167651154564 0 
15.307511444743572 1.2434985529920106 0 
8.800298007499785 6.694996592722708 1 
1.3802692349357426 5.949386916386665 0 
0.41013973625498856 8.689954374654247 0 
17.268787181148088 13.697103411604324 0 
17.264225243936163 18.904418698819423 0 
2.539268594283244 4.991645402054865 0 
18.542291306978306 2.455420834727462 0 
19.568050021077624 3.2145744758730577 0 
4.354292819367311 15.002248152417316 0 
3.6296443665167955 12.077274468312337 0 
6.569482155512687 0.20325557909668168 0 
19.47220248309685 16.291690939175613 0 
19.038594168048355 12.005538387502948 0 
15.884401089748462 14.426406294558001 0 
9.450955758641204 0.7306377390306595 0 
2.110908929902029 4.5949042609869135 0 
17.88057970231559 11.555508708646114 0 
5.535354608499869 7.73927023911668 1 
10.493502150265268 11.057438072548894 1 
19.23969102993653 8.710666763761843 0 
19.87223019365694 0.8371544841510525 0 
7.670443580563253 5.323101499681888 1 
4.27541275210281 1.0568476316254638 0 
10.852321248196464 4.145940146714516 1 
2.7561994912150056 1.1110655032319472 0 
12.854733579566242 1.1034721506531175 0 
11.012406045017457 4.305054136265831 1 
10.862244063215813 10.858141424428178 1 
6.303511692864985 9.526708624539108 1 
